10000
605
2400
1998
7650
8948
283
6481
7600
4807
8437
3912
2295
8468
9605
2212
7764
5540
8113
7595
5471
1188
3432
7777
9341
8394
3416
7047
786
3542
6639
5099
682
2290
8946
8951
1456
3931
5930
6595
6828
4872
1744
675
3993
7379
6170
8752
3866
6605
1588
5704
3239
446
6973
5887
454
101
2238
3405
7390
884
6171
6409
4883
3727
6957
4671
4103
7988
746
2200
905
155
5002
9088
354
3756
1450
7231
4123
5233
5626
2483
3752
1801
4771
3358
3491
5195
9718
6115
2085
1384
2667
5686
1329
1915
3336
535
2189
6651
3514
639
5201
551
7670
5905
1042
7676
6071
4320
3440
9740
5947
1960
1057
1856
5862
5875
4033
216
5416
6099
7465
9455
9399
1221
3068
8834
1631
6272
8120
8866
6819
1348
4798
7668
5655
8093
8175
8529
5992
8488
5446
6949
6873
9932
1099
7728
7797
763
7418
1207
6696
3761
9891
282
8944
7446
5776
2442
1460
3363
6399
5236
2750
1913
6375
597
906
4005
9578
2266
8674
6072
6975
6479
3660
2819
4646
8267
4313
8149
4276
6365
8508
8679
121
3579
9664
9631
6139
1779
6804
9913
4118
2500
4875
8961
6349
3498
1931
898
8794
9544
1683
233
9622
3242
7709
8947
8141
2997
59
4637
2811
6319
4083
783
5056
4744
778
9876
9872
1567
1500
6916
7214
9497
9617
6113
6720
8080
9036
6343
9693
2571
4303
5363
9095
7763
7803
6033
8546
9574
3715
9362
3243
6976
9846
6814
9022
3410
8260
9607
1192
3907
8220
3206
9883
564
214
9311
5254
4674
234
2730
9615
7686
1902
8781
4880
242
1926
3439
185
6423
2877
4053
1131
3481
6163
8643
6332
1883
8895
3462
4043
4060
9986
3865
7324
5892
8400
3371
9474
2396
3457
7538
983
936
6751
1117
6760
4533
5028
5060
3650
3548
5775
6065
2907
2685
2682
434
8722
4363
3951
775
1290
7550
9892
5893
476
488
7275
2222
3937
1362
131
2556
8101
6930
6620
4120
5544
496
9831
7464
1201
2242
3926
4230
9540
53
8158
914
5944
1762
2475
7713
6258
1426
5386
62
8040
9238
8681
7368
4345
9778
1113
7143
3298
6244
2428
6414
9448
7784
9324
227
6935
3267
268
5710
5453
7092
1109
3437
9647
3796
9501
2392
6616
4588
9863
9519
1950
7001
3574
584
6046
8139
9814
7347
8431
6005
1610
4045
257
5760
2224
4494
6235
8697
3263
4718
6518
8253
3368
9394
2129
2562
816
2412
9850
7635
859
3858
1840
8038
6346
4189
4133
2081
4435
3581
4624
5243
5570
7462
3670
6291
1275
9768
7898
5283
3708
5854
5366
8200
6067
7802
7658
8245
3183
9503
5324
2316
2194
7821
6057
5414
3666
9766
3194
3337
1698
9284
4338
7780
112
9018
8583
8007
3222
6813
1854
353
7420
1449
201
2056
3395
7512
7766
1229
1166
6452
8128
2837
1452
4996
4679
8708
528
6774
8698
8723
8963
9171
4997
5452
4172
3600
3973
7611
1705
9376
6535
3585
999
850
5729
6202
1079
8173
6051
4468
5652
800
5066
6026
5828
8831
572
2180
2863
3896
7148
6200
3853
5061
9279
7916
4469
6966
8447
755
4935
2195
8569
5951
921
4697
4959
596
1929
1716
9496
1956
1731
9071
4905
3960
3842
6988
6537
6045
9102
4776
4568
1480
7987
5725
3840
8559
9640
5927
3144
7458
2453
2768
9582
8223
2353
1086
5820
9562
991
1650
2408
2506
9993
4184
8589
5482
4286
798
9035
3640
8401
4682
1501
7258
5461
1769
974
2482
5039
9392
3725
791
1554
305
5273
9856
4910
7765
2020
2057
8689
6621
4654
5575
1504
7232
4072
9844
9611
7124
9905
6933
4625
2469
5052
6738
5218
2710
5391
3153
2493
7966
1756
8232
7701
9447
6572
7183
3550
116
6470
1562
3433
1597
9967
9828
7072
9050
9162
3197
735
1685
9084
6752
1784
2609
3486
6974
4161
4088
4716
6247
4272
7705
2364
9144
2591
8787
5212
9257
7995
264
602
2201
80
2263
4116
6718
1534
8327
2761
2603
7997
6852
7308
2324
5368
6737
7051
2705
3202
2181
5129
3568
2303
897
5181
8090
311
996
6420
5325
1096
2104
1982
5912
7463
9508
5824
8682
9093
8095
6589
8845
693
3121
5001
5737
1904
6396
4546
8544
180
4868
3766
3402
1921
8647
1354
1029
9948
9357
3110
8967
6379
6666
1616
4300
4012
4448
7729
7534
3999
1809
5607
7048
2142
3422
6256
9413
5424
8114
9217
9949
9295
7172
8214
9094
8993
5634
2218
522
820
8369
9331
1862
1033
8675
8573
9039
5904
5447
1760
9769
3201
8346
7326
6118
4667
1965
4957
4199
9432
4986
8405
5931
502
6411
1888
4698
1232
4595
8460
5484
7647
2113
8748
7151
2648
1505
7413
7739
1805
5889
7982
1211
2287
4524
97
7671
3827
3515
5432
4879
1472
547
4761
9449
6972
8527
5514
9411
1074
5005
5116
4135
8545
510
8198
6663
5753
9298
4508
6649
6445
4322
1820
2892
4675
7134
7663
4790
1881
1387
410
4714
3262
1905
2724
3248
5718
2433
5800
1684
4606
9247
4557
1574
9534
8659
9725
2729
6464
9746
7382
749
380
7702
3638
1816
8644
5742
8838
8875
8821
8558
3172
1385
5377
2853
4385
5265
7391
4914
65
1441
3553
1972
8985
1047
3885
2127
704
801
5374
7710
998
631
7421
5024
3245
8710
5521
6553
4892
7800
8222
477
9106
9818
1789
9961
8676
8111
4709
6157
7949
1847
5392
3537
8878
1522
875
774
1878
6890
2389
2617
767
5802
8567
4531
9393
3654
9646
5709
254
6213
2310
5604
9261
4621
1021
6304
335
7862
7461
2987
9906
8225
3702
4333
2544
1382
8011
697
3975
2069
8968
1145
7976
7880
1645
5980
1322
5159
4496
7846
1692
847
3231
5227
3264
9220
77
6832
32
963
7123
4751
9960
4851
9595
8243
6560
8444
2645
4387
966
3147
9450
8179
3005
6642
4657
978
1835
2121
8352
4367
182
8938
553
8901
6453
6923
4397
7808
9758
3184
3817
9676
8871
1146
5638
5119
8696
4431
484
8288
1137
9743
6386
787
750
8386
5622
6846
8379
6417
9712
4984
5197
659
7928
1845
1502
3593
4175
9807
8381
9498
1436
5346
129
4837
5023
4030
1032
2300
7805
8301
8055
7042
9249
6296
2051
2875
8754
1389
6421
6097
4317
9793
6229
5542
2533
7146
1345
8635
9170
6093
3740
7868
7580
338
3836
5675
9087
2244
9241
8687
5917
9152
2631
1576
3155
5804
1151
37
9902
5859
6660
6956
8665
9049
8487
9347
6335
3477
5797
8820
3991
1160
8570
5173
3265
5823
5205
7549
8542
1112
8216
4597
2197
4425
7356
4141
5508
4897
3860
9318
8881
2833
5557
5083
373
976
3312
8450
7127
4522
5972
1035
8266
3709
8341
5554
6092
44
8184
689
5259
6526
9701
8940
6316
6180
7434
894
2847
9668
8828
8541
479
5728
5401
4745
1197
4208
2476
3063
8792
6721
8125
2684
365
7392
5883
6771
7741
5864
7204
2632
1997
244
2677
9182
1205
3080
3823
3409
4225
9714
1132
2323
1553
1832
608
435
8680
6337
9625
6284
3021
3118
3098
9158
4489
5340
1745
7738
2559
1380
538
779
8943
9509
6500
9332
1629
7760
7607
8632
3174
9428
3950
9271
7503
6901
4007
9833
8362
7617
8683
8856
2916
3134
7013
8188
4726
5798
9938
6310
6926
6861
3787
8304
3346
3770
6727
4093
1028
5506
1178
395
9004
8136
1258
7161
9699
9148
6575
3290
7992
194
7921
7245
9635
3458
9907
3124
5631
1590
4337
20
2548
4509
9406
3891
4444
3887
2346
2155
7138
8482
1097
153
8110
9598
396
397
6507
703
1529
1110
285
7972
4117
1213
4314
7475
5939
347
8666
2980
290
6558
2594
3426
7090
9969
5274
2406
8454
6796
4138
9554
7544
7717
2317
2380
1365
1072
1407
7441
61
7962
601
1118
5096
4681
8631
8557
3301
2584
4934
9626
23
4260
7471
2665
6555
8519
2377
2489
2053
4073
2033
3533
9136
1666
2748
5755
8624
3004
4778
9375
2216
4294
8206
8582
6921
3299
9773
6946
2367
1516
4436
3447
2385
6958
8693
7248
8663
1523
6168
1138
1494
3683
9645
9860
3424
1624
9213
1455
6154
582
5855
6185
8629
5089
4655
1448
8495
5111
4212
3219
7061
7524
1681
9291
9280
3980
4614
8420
7007
1317
5327
7825
3897
9795
5019
1372
8285
2411
2918
313
911
9705
4243
2171
817
5515
8004
9660
7859
7819
3008
5311
2209
5440
8170
1133
2688
7614
9414
2094
8377
213
295
9277
4993
6971
6052
9030
9925
7924
2134
9826
9287
4929
5796
8532
8924
5123
325
2552
8286
1819
2061
8469
9422
6320
135
3870
5696
6134
349
6759
6253
4309
7193
3801
94
2901
9886
9963
5894
6485
7101
7362
1442
9309
4256
2257
7149
3678
5712
1860
9898
4023
6109
7923
2873
2281
5723
8615
8906
4386
9824
3657
2239
7946
2610
7682
5762
6087
8939
88
565
9351
3567
4352
8736
782
4258
6736
1742
1748
6021
4613
4452
49
5365
9819
2465
680
4895
5587
5584
2774
4855
6487
127
8662
8733
2004
9744
1182
846
6787
5538
9500
2496
6400
4973
5949
9236
1326
2339
1715
3289
3119
3838
8083
2144
8777
463
2818
7435
7170
841
4364
4785
8258
2828
6726
4097
3706
5955
7541
7063
6103
4720
7340
7634
4235
4642
943
3934
2701
7831
4382
739
2379
6136
3461
130
7320
9750
5708
512
1140
3811
1253
8374
4101
7075
4859
5794
7820
304
6545
2867
6547
1433
4725
6273
5867
3917
4222
2995
7184
3034
7824
9791
7373
471
1315
2027
1358
8424
9952
3494
7191
9808
939
2929
5874
2188
9642
6374
5524
8809
2803
988
1011
359
8221
7996
891
8313
3918
9627
2502
1395
6929
5303
2001
992
427
4871
3497
9085
2352
3945
8753
7389
1470
9321
5287
4259
2019
726
3596
4971
2618
6985
5856
4466
5599
874
4527
941
8254
5347
4532
8233
3734
7402
2967
7959
8621
7778
8432
218
8178
8709
8842
6839
6488
1545
872
615
1849
9429
8531
63
2398
9239
6162
9381
9728
9166
9108
2856
6586
3095
7722
7180
3145
4125
3053
8290
1337
536
5203
973
9597
3554
2760
5438
9700
1311
7
1804
3396
8434
7272
96
2013
8622
527
3526
5322
9164
5732
9862
882
6030
4852
7621
2876
9734
9796
4129
8072
1621
8376
7572
3359
6562
386
2395
3067
2977
4717
229
9184
4699
8905
1896
3165
3224
579
5032
8616
1144
736
9346
7942
2922
5698
4049
7415
7535
8203
6700
6661
5213
2391
1394
220
1508
7492
1605
1583
6467
1757
7287
7940
2866
8271
3824
2882
361
8024
1755
1089
7329
8441
2722
4663
1543
2814
1658
788
7304
47
5519
4424
705
7305
7618
8129
2039
7056
1763
1764
8813
9739
2304
9229
4661
7387
2905
7594
4652
9189
6101
8702
6836
7106
1759
4545
8744
2252
31
8969
6778
8585
7612
4146
3401
568
3957
5007
5691
1361
8406
3352
8166
154
1512
2996
2077
3504
6596
8908
4323
5600
2138
3459
7155
3669
9815
3357
1270
9776
2191
9109
3425
8246
4497
2954
5444
5978
281
9433
8612
6981
6476
3028
2089
5072
7597
6686
593
3742
3423
4665
4182
3948
6031
319
3781
8761
8027
9753
8477
4763
9516
6598
1754
4924
916
9502
5563
5182
3129
4570
7912
6731
3719
2023
6903
5202
1404
9459
8725
5736
2235
7623
3859
6802
3474
4244
5117
2606
7644
9940
1499
696
5121
2141
5115
8240
5415
5400
781
4639
3237
1243
3148
4405
8147
617
2742
5118
7095
8343
2320
824
7754
8982
516
6978
6165
8340
4164
8180
9378
526
4467
4767
9687
8045
1636
6443
8087
3187
4898
6944
3679
6905
6477
622
1806
4691
1364
6743
2932
5878
7222
1181
2462
2608
1461
377
9653
8930
9895
5110
2885
3043
2958
2521
3180
3446
2319
7515
5714
5105
3974
128
4383
6430
1003
2185
2166
6204
18
3972
1566
7979
8642
1121
7661
9007
4686
4706
2953
9334
9809
2251
2231
669
2816
6179
1161
8279
2697
4217
3377
5263
9293
3928
4998
9515
5062
4000
3032
7533
9636
869
4234
5943
721
1911
8042
3800
3037
2049
344
7948
4155
4556
8209
7331
1980
9453
7166
8790
1741
4525
5830
2634
7726
6466
6147
9114
649
1653
1085
8594
376
7818
5011
4748
5625
3275
4561
259
727
8496
5147
6764
1371
4099
5502
5903
5503
6939
2342
2093
8119
7302
165
3354
1440
2245
4949
3925
7241
4635
7071
5746
1284
634
8044
8054
609
8478
7374
2503
5405
4721
5741
2246
6058
6635
1392
9785
3637
2420
6888
7706
9752
6858
6358
6015
4808
4988
2052
7925
9526
1908
6211
341
2897
9145
5014
3171
5251
595
4281
5008
9336
2753
7771
1796
2070
1393
239
7596
3631
803
1343
1242
7906
7110
7407
4051
4180
6927
7456
920
7171
2034
2943
9845
2788
3698
3191
2704
6806
3659
9231
2329
938
3910
4242
5629
619
5620
9884
6397
3077
7604
3541
8592
6740
2615
3524
271
231
7442
3489
1519
570
480
7665
1002
497
3573
89
9263
1892
2079
16
4925
5128
6611
1837
7626
3341
387
2961
1977
7321
2528
9127
8122
4329
7130
7502
753
4047
8261
2709
9610
4289
6457
9149
8060
6022
7455
8269
9067
8764
4542
1249
7118
706
1829
1463
3602
9781
9179
8587
5229
1697
7058
1707
8025
4376
2565
7062
927
699
5812
8472
5393
6757
1396
4977
1708
3689
6906
5252
106
2754
1177
1411
1841
4420
8829
4437
7290
7269
1810
5739
7493
1718
9260
4485
1036
6269
5451
3562
2673
7083
1027
4693
1273
8380
8493
4419
8525
5332
5466
7993
4446
8848
1560
8062
4822
5249
481
3906
5591
5357
9008
235
6677
6384
1481
1428
2810
8705
302
7770
8846
9573
6439
1872
6039
7009
2569
6331
4931
6626
9724
3652
3559
3241
4505
4439
6208
8398
5645
8092
7448
2543
1006
2979
5636
8297
3415
636
1231
8443
9186
4388
9001
9384
1729
4057
892
6868
5376
451
1360
193
4861
7179
2838
9204
3721
6630
1340
2555
8159
981
3570
4119
4036
2869
6568
7514
5785
4535
1302
777
4110
1187
5593
8360
4098
7192
3684
5080
4150
9956
7116
8108
6047
2397
3743
7616
5055
4490
3551
7640
650
7081
5592
4846
209
6515
9248
4426
2642
8057
5441
8911
9571
7119
1076
9908
5564
5561
6896
7135
1530
4947
2018
4379
4902
8608
9174
2401
8706
2294
599
5320
3042
2299
3186
3454
3797
687
6468
8750
2839
8841
7969
9385
2394
3449
1130
221
8299
8022
5925
4795
762
2516
1749
7522
1215
6405
946
447
6821
6699
1974
9507
7004
5679
7742
2122
5112
7242
8407
982
5475
9395
2554
4907
590
6484
9169
1224
2497
6955
1525
1608
8371
5578
9489
6471
1339
4312
5528
1831
7077
5895
8562
4873
811
3611
8058
7720
9339
9423
8457
3370
3935
7593
9929
9726
5025
4025
6917
5932
1589
7165
7486
5536
7867
7163
6333
9454
1250
2663
1571
7520
8646
2641
6440
1333
4845
1674
6716
6799
5532
1045
2236
331
123
6983
3784
9551
7672
8977
6140
2646
1443
9045
8182
6108
2879
9965
4792
9
9928
1536
3093
6106
8941
614
4308
462
1294
1304
720
7899
8144
1162
5262
8500
9320
8009
3364
7396
6381
9326
2872
3821
7758
6772
1981
4166
1098
8645
4008
1323
1791
1920
1870
2354
3718
9370
1743
6271
9921
9731
7030
5126
3279
4729
3831
8296
6495
1001
7513
6277
8015
1761
7911
4619
4536
4330
9313
9289
7627
9989
7470
7884
2436
8656
7457
2726
8265
845
7216
1864
8215
844
9867
343
4963
5608
9951
7425
5148
1150
3472
3492
7057
2078
1233
2749
4501
1970
8183
3913
7330
167
4406
1222
3624
667
4559
6212
9328
2471
9307
5759
8839
4802
7064
255
4090
2763
2165
3953
4789
3220
1669
1598
3101
1016
8140
6260
7482
3236
8671
5924
4326
8480
3406
1370
544
4966
8852
9775
8395
126
8758
494
4058
3020
9919
8322
3441
8914
4321
5297
9536
7187
9651
6571
1686
4972
5777
2261
7603
1135
7190
4445
6554
6882
6066
7303
5142
164
7751
2525
5530
6438
1053
6081
5667
2660
6094
6710
4094
64
9237
745
3871
5959
8623
7776
9832
3747
6912
8890
1123
8050
1521
8954
6380
7790
5818
6391
1924
8899
5175
4656
8311
346
5286
3394
4847
3512
6708
6691
7712
2163
563
5044
6689
2269
633
3038
4991
9556
2773
82
1613
8578
5300
3595
5456
604
9648
2357
9535
5523
1093
1496
8611
2124
9976
161
7102
3485
8667
5480
5913
7032
3340
5387
8912
6321
4013
4704
4068
9583
7218
566
9772
2989
5934
9161
7679
6767
7723
1367
7989
3965
6377
4951
6938
7704
4134
640
6550
5809
5547
5922
2836
581
812
9910
3552
7096
1600
464
5589
8991
7414
1308
205
179
2262
8566
6531
5969
4821
6392
7211
8981
7162
8836
769
4834
6491
9694
9168
7920
5720
8703
5808
2523
5888
2981
5296
588
3949
1657
9491
2795
3157
9056
3386
6900
8439
9628
5920
4341
8819
3295
556
3111
8990
2151
9465
4500
2616
1890
2971
2349
797
1071
5174
8601
3877
7200
6215
1064
6763
8070
3505
6176
7847
7041
1693
6543
7807
5616
8737
785
7690
204
9200
4358
4442
8757
521
529
6952
6231
8337
1954
5277
4815
8465
5242
1328
57
7680
297
6196
9835
9243
5150
3798
1667
1246
444
9060
8759
8088
4586
5669
4487
3696
9733
2417
7129
2593
1933
3024
1368
1457
3963
150
3033
3623
7261
5063
4233
3903
3687
6869
8484
6872
2834
8572
7243
140
2824
4194
2083
7528
3814
7683
8547
533
7337
4599
2574
1533
9654
3284
2016
3389
9481
4441
4649
6164
6281
7551
2871
9985
7815
7814
4484
2359
9663
1281
623
7412
9041
5483
6150
5412
4842
7745
1065
6073
1861
5257
2458
6694
6195
9688
917
2101
5022
81
5350
8695
7080
493
5539
8793
1369
8237
802
1547
4995
2438
2504
4106
9194
2889
924
6815
4967
2284
9975
6565
1655
5801
7188
5191
1381
4165
5417
3744
7652
4417
5910
3353
5989
3711
7657
9633
5318
8721
9292
4015
7201
3421
5935
3403
3641
7354
2332
548
6830
3392
6315
2974
186
4823
6792
9390
6431
3286
5907
1373
3478
1627
8390
3173
6241
5970
7508
6932
4170
5345
4604
1807
5832
9272
3344
2728
98
6548
478
8026
5666
2623
5990
8879
5399
957
2821
9858
5700
4757
758
8318
7804
2540
9957
1355
3471
4148
4472
1335
3875
7384
2193
5170
612
4414
5810
134
6897
5054
6533
504
439
2669
4355
9405
1375
4188
793
3212
8575
4394
616
8743
226
2291
2757
8928
2107
1720
60
1978
1287
8445
3904
688
2220
7699
1503
6668
3162
628
1625
9493
2015
6027
2841
4200
7963
4609
7788
1095
761
990
4801
3428
3584
4399
5375
7466
6567
3940
852
4209
4759
1702
7931
492
9632
178
3795
3793
3959
9524
6968
5457
1577
9563
9180
9585
7584
6025
3760
3816
1964
4157
4601
2620
4689
3992
3159
7620
1595
5379
5879
5450
1507
6498
9424
4481
6837
3967
8507
970
1316
7506
403
418
2752
8844
4813
6856
9729
5702
2946
8952
2909
456
2426
4540
3671
5407
8383
3705
367
9805
3843
1828
7114
3878
3291
3523
270
4046
7687
4473
4839
9920
1186
2014
6141
1149
8843
87
1104
6267
8862
799
7147
3230
3069
9849
5171
8988
9999
6126
1125
5247
1581
9788
2582
2073
5041
449
8146
7221
5250
6427
8034
1811
5423
6266
9297
4074
1531
2511
666
3130
2662
8409
8197
5003
9885
111
795
7227
6261
6915
9269
1602
137
6461
9939
5338
4860
3763
9299
9139
84
1592
6018
5017
495
5852
9457
904
4723
4684
336
9441
6655
3695
83
702
1794
7181
3469
6032
176
1976
5275
7336
9437
7271
4136
2549
5388
5315
7938
1022
8289
7881
1946
3841
3466
7511
3313
5933
6442
9581
5335
7833
1416
5749
4537
9356
709
870
4174
8913
5177
5968
6709
2425
3714
6312
594
5155
9882
9118
2509
5606
4927
5109
580
3922
5120
3307
2105
742
4492
4267
3851
3592
4762
5411
3681
1462
5255
4451
5685
1073
3693
6960
9216
248
9665
7525
2714
5981
3649
6494
8481
7871
6133
5807
7853
8784
871
8244
1526
6800
3775
6006
6308
4178
2460
5665
2337
7293
6539
3044
6014
3720
695
8588
9914
6701
8564
3644
8654
1143
6632
1240
2390
2758
6403
6524
6835
5596
6299
908
8540
4816
3768
3175
2864
5936
7467
2779
7675
9232
1723
5642
1558
3161
4373
5529
7182
9315
1601
7573
274
930
6449
5383
7481
5215
3387
4304
9345
8539
5042
3981
3207
5956
3321
7351
272
6603
6552
8324
7753
7642
9552
7999
8869
6865
5870
6074
6954
6463
7002
9564
7747
4881
2479
4615
3451
2265
1403
3126
117
1445
6020
8344
4985
5717
5460
7239
967
7830
671
6920
217
6863
1084
9950
7740
9683
3002
7602
6455
4475
1619
3431
7952
7973
1539
810
4344
1217
656
3509
2557
9820
4784
710
8652
458
8550
1245
9644
6979
902
9566
1277
7449
3178
1799
2801
8530
9202
2906
8580
2672
2817
5418
4567
8976
7251
8030
6847
4443
7054
2179
3769
2964
4805
713
8039
8684
4622
9545
5334
8005
2940
163
2307
8417
7428
340
855
8782
5795
8462
664
8123
2174
5923
7451
3942
8604
9710
352
8003
1853
5474
5942
6230
9119
5815
3861
4246
8755
1738
7937
5551
6336
4587
815
3956
6801
4044
9006
5861
4503
6252
6713
7730
3628
3338
1506
7653
4930
4558
1347
950
3883
715
5806
1709
6534
8987
5314
5997
9353
6922
309
8524
4919
4455
540
5731
8660
8717
339
5292
4147
8661
4814
2630
8151
8226
426
7876
7904
3195
4237
9601
2459
4705
9517
7046
4687
7398
6458
717
1524
9219
9208
3978
4982
2580
4169
110
7517
2444
7863
7268
823
9002
3809
4354
1615
9363
8127
9848
895
3167
6791
2427
4738
7990
8602
1544
7553
2173
853
5341
5576
6833
2925
2347
9218
574
2376
3133
1797
2915
3508
1691
2680
4356
7932
460
4080
8513
8335
1740
1279
9520
9462
5427
2651
2403
5673
8902
1044
5900
4449
6665
8613
4359
5546
2135
5890
4124
67
5308
1297
6986
2249
1255
1662
7469
9047
4584
2733
4853
7495
5494
9310
2530
1626
8399
2800
9675
2100
3629
3735
5556
4788
3626
7631
5264
1732
1734
6387
7126
3090
8466
4095
2361
2519
5176
1000
893
382
7433
206
4034
9223
1278
6840
6570
8786
9033
2719
6009
2486
1663
9081
7386
7185
5100
7240
378
4582
9157
673
7638
4920
9154
6820
8236
5841
3196
5919
175
1766
8738
5381
2898
2248
7253
448
2253
8904
5132
6151
8187
8894
6264
8867
7681
6388
7000
5764
1050
374
2564
4275
2451
7073
6354
3672
279
2883
8330
2690
5193
5770
1640
7529
9471
7667
1015
2087
1661
9064
6593
2807
5533
6448
2923
307
9193
5057
1983
172
5572
2382
3642
4552
6913
8016
4772
2206
9124
5998
2210
6530
3493
3232
6152
4818
8664
9031
6041
8637
2153
3456
4216
5235
6848
4228
7113
3812
1641
9198
2657
8309
133
6056
9275
3603
3630
1046
8989
3576
5343
2687
9065
1081
3555
4335
5133
3419
3894
923
9205
1886
8387
6779
4357
9553
1880
4037
1262
648
8199
6048
5069
2712
6364
4412
2535
7629
8494
8028
211
3192
6506
2132
1251
2570
6735
8298
9704
2484
5140
8503
1056
3297
4647
621
8359
9737
4221
2643
8329
7559
6242
1234
4640
1540
3306
8818
5138
8640
1962
1119
935
5190
9812
7358
5543
7262
7050
2356
7076
6853
9242
9150
663
9348
8579
7707
5301
3385
5774
5726
5580
7489
4648
2279
3300
6522
6937
8023
519
6508
9096
5569
1812
5831
839
7497
9104
6217
3211
7844
7910
7694
7145
600
1572
9532
8319
7132
1876
6964
7933
379
8410
8511
3350
190
8051
3837
4478
867
7927
8300
2461
93
3722
4664
2804
3322
7919
4006
3998
2350
7685
8971
6576
2926
2908
8019
7648
6207
1644
5267
2794
1298
5915
9221
2857
2900
2103
7257
6829
4770
3944
6809
9760
9825
7943
2282
679
1198
1444
1312
3310
961
3971
6850
9606
2652
2037
1257
6711
3730
1366
9183
3667
1223
5929
4024
9492
9691
9480
5765
5562
8229
1114
6182
9083
5266
9288
3293
5690
8452
7950
9748
822
2823
9266
78
571
3200
6849
9304
5581
7936
4227
4737
6361
8249
3127
8953
1793
9276
8459
1903
152
760
7563
4459
6683
9550
4291
2487
7417
940
7397
1420
5706
7199
8148
3066
1043
7827
8649
2813
2715
6402
3943
6043
2315
1889
8195
4987
5658
554
7088
2602
9338
5239
9187
3450
2999
6755
9172
5135
1059
539
2434
5916
6538
2762
3467
7794
273
3455
6138
5735
468
7103
1535
9140
1866
8812
3939
8307
1848
5952
420
4038
103
1867
9397
6656
6907
7087
1834
7348
1969
1425
7892
2050
5397
1136
2950
2344
2454
2005
4079
4835
4463
9101
9163
3717
7752
2524
2960
6007
4187
6441
840
9505
157
1399
8391
2933
8576
9142
2254
2463
728
8672
989
4928
8606
6158
416
4196
8523
7084
143
9436
8735
7854
6105
877
2467
9400
3259
7980
9983
3788
9529
8000
833
3081
9981
1309
9602
6843
7067
2809
2378
2681
4786
5144
2676
1152
7579
4939
1659
9681
6289
2026
1431
7858
8270
4457
6038
6584
3027
4162
7810
3103
1196
9043
3181
2939
1356
1414
2531
58
9661
3012
459
3762
3117
5788
9068
3328
8992
8476
6566
8162
4953
511
6294
5070
4022
7213
6817
232
8653
1383
5271
1827
3819
2952
30
3519
7044
2388
3272
4672
505
6502
219
7294
5031
8543
807
3521
8212
8617
9881
6255
6881
2008
159
7237
9842
4002
5434
7897
2815
2381
708
6434
9306
7012
4266
5481
9090
5420
4411
8972
854
4130
7111
5602
3376
2363
5845
9855
4250
6371
523
7133
4087
1930
6678
7599
5004
7249
4229
1607
1733
5517
6951
7581
7813
6426
4862
5084
3327
2423
613
937
9721
9941
9639
8323
9259
8099
1263
592
5078
3688
7355
6482
9132
7117
3210
5465
3097
7142
4404
8620
3955
4413
8801
7260
9420
3808
5141
3398
8292
2912
289
27
2956
1538
6919
3375
1839
4429
7922
1402
3848
9323
2732
1751
1777
7202
5382
452
2140
6254
4131
1884
393
3952
7317
5272
8942
9518
5046
8275
8732
1975
4876
5825
5371
792
6870
8001
2865
7230
661
5733
8397
4086
6095
6250
1922
4999
384
5863
56
1714
8959
5516
7150
3092
2045
1413
2585
3215
5358
3366
7532
1332
2633
7022
7003
1989
1296
8935
5632
8816
8799
8686
8412
8294
5768
4210
3588
5009
865
4511
3131
7816
8880
3089
9698
1550
6040
3970
5495
9878
294
5882
2936
1208
8563
247
3921
7718
660
2832
3333
3915
6395
3273
843
8651
2668
2336
700
7866
7507
6123
1936
6276
2036
5087
1194
7905
1701
6404
9078
3277
5260
723
4395
7986
414
9522
2271
3343
7277
4084
4290
2532
8164
6245
7755
4428
7225
142
2082
4474
8314
7870
3384
8425
3380
310
7673
2805
573
4593
6274
7561
1765
9504
4213
6514
9998
8403
7530
6741
2654
7353
442
9685
7112
1386
2541
6148
6129
3250
2162
9984
7450
2881
4764
8204
5458
2744
4906
169
5097
4940
1694
9843
7208
4270
9623
8109
4607
5886
9543
7027
6425
1397
5187
8262
8349
118
9624
6862
7624
5468
8599
6110
7501
3839
9958
1719
9487
2260
5814
7750
8230
3006
4410
6585
1458
5535
3233
8348
9409
1377
3096
8974
1548
6871
2466
994
2982
8715
5307
5329
5360
7023
4921
624
1491
3083
3627
9614
5995
2756
457
3674
1823
3276
7160
4152
6963
4526
7176
5880
8456
9244
9689
7454
9711
2314
1259
7224
2270
6959
9473
7615
1167
9802
2278
5697
4398
8486
8189
8719
8584
4774
173
562
3954
4783
4992
1852
7537
3545
8528
3844
9435
5165
6877
6305
1822
1293
2568
1301
5786
6323
7560
9771
1203
3414
5743
1557
3142
7542
7915
2508
1017
7423
3349
9982
4021
258
2491
7840
1184
1209
1051
5545
3587
6600
1261
475
9924
5459
4866
9460
9521
8724
6934
8597
4231
7476
2456
9100
2419
7588
5637
183
5435
2321
5302
508
4912
9742
3807
1128
4346
4899
6654
9947
2601
1678
7357
5946
1863
6383
2273
4310
7332
3829
149
2360
9866
8284
4589
5612
124
35
4590
1739
9105
8363
6285
4378
560
1700
1909
6664
8449
9388
6674
9830
9926
1048
5095
3815
6761
561
3436
5834
8305
2192
1725
6883
3613
5498
8430
6088
980
5021
9017
6419
1968
3335
5288
6914
4121
4553
5971
2679
6459
1696
4062
3712
7228
6785
6924
6672
8126
7484
5627
8202
8950
2693
9058
1781
4140
7521
6435
1991
4787
2021
1520
4183
372
5038
3822
9779
7574
300
6947
461
9894
5047
3189
607
4645
6628
1174
9706
860
3438
5367
6953
856
7974
2935
4916
543
722
9048
8135
1824
5210
6444
3867
4945
1004
3479
7746
1838
3317
5200
5276
6615
4809
4032
2629
3528
3855
5151
9112
3636
5518
2802
6173
3710
5333
3087
2196
2002
5822
7796
2854
2539
9024
4274
828
6086
5226
4777
4510
2168
168
286
1949
8677
4680
2671
8046
2910
674
5694
9175
9890
9303
115
6629
7388
120
6233
5290
7558
1569
9135
4566
8909
8163
8533
7019
8255
2422
1492
4488
889
7985
7430
6574
6352
2221
7399
4211
6237
6619
771
9073
1973
7350
119
1483
6627
5395
4502
5077
4678
3076
8892
8678
8923
7786
8962
5214
71
3662
8861
466
1786
6831
4416
3692
5219
9549
4740
4327
1019
1593
2440
5305
3323
4160
6012
43
3287
8966
7639
5848
866
8096
7255
9874
4628
2296
5716
3961
3868
1486
2861
7779
3099
370
8730
293
8964
3292
7570
3691
7086
6061
5034
849
5938
4504
8789
8130
3373
5422
2844
4575
5299
591
9803
545
3495
2399
430
5172
8185
261
2526
7769
4712
4591
9837
2499
4690
6042
9167
2686
7250
4339
5613
4948
6503
7945
3199
3213
5986
2781
26
3864
7714
2170
5169
1210
2545
9618
465
662
2764
8429
3737
9811
7787
9732
7474
4865
9329
9763
4190
7052
7883
7488
5049
6990
2157
3890
5672
8770
1656
678
4608
2934
7510
308
1851
1100
1054
7571
3168
6909
7978
7772
6226
7480
7339
5442
7806
6597
6246
5209
7286
861
5653
7696
7756
3011
690
2890
583
1267
8922
4370
3569
707
8516
8133
5319
6559
9577
2158
6416
9212
4440
3726
743
4305
5851
685
1637
4574
6606
7015
3059
6036
6640
2373
453
6750
8607
108
7217
909
9440
8332
7437
5683
7333
4819
9934
5331
2514
9900
1517
6866
6413
6936
489
8690
9754
1688
8568
6773
6169
1013
4915
6219
7344
8854
525
9072
8628
8917
8470
9817
413
5988
2740
2044
5771
1467
9767
1988
9233
8885
5040
189
4204
4838
2826
3539
7499
8389
4153
9404
52
4520
5045
4223
6344
8037
7674
1094
1527
7318
4365
718
4241
4634
3785
9029
5462
2099
3193
8218
7122
7405
1815
947
9604
3828
8473
4198
3109
9026
9055
7367
7834
5479
6127
1185
4732
5993
1024
4499
4374
9442
7220
644
2614
8554
643
8479
8933
7693
5835
7263
7381
918
3557
6519
2842
8438
8008
5695
1235
4548
1895
3899
7734
6206
3128
9253
1633
2340
8795
4296
9016
1388
9285
6053
5552
3016
1430
8701
4218
9416
5127
7872
3874
2338
1265
4560
2368
7504
4980
42
1206
2125
4970
8118
7698
6091
4328
9761
9869
306
8018
3902
5408
1603
2131
6478
6618
4896
1199
8325
8773
3653
3018
7643
8085
3806
9944
4913
469
9619
1735
587
2840
2156
3919
6004
9387
8208
5994
7285
8347
4055
6186
3139
6112
3599
5012
3182
1802
2858
2457
7059
1498
394
5651
9319
5234
6063
4176
4107
317
8014
8043
6325
2975
4592
7154
8056
1575
6372
5107
6130
9421
6580
9917
8131
4683
7432
3365
4263
8252
2725
5884
1898
6429
7026
8936
1541
2931
7869
954
3203
6546
4185
8192
2948
3271
9798
5130
9678
2547
8264
7957
2790
9211
1459
1808
1334
2783
2371
8929
9146
1582
8778
36
1940
4105
2233
1451
8091
7307
9603
2627
9192
8355
1153
1037
8815
2066
5425
1713
8824
1269
2921
9888
5999
4186
6517
7325
2247
9695
1726
4301
3362
2988
4159
1419
3074
8521
3598
3510
6577
1291
6199
691
9412
8191
8
9547
8250
5583
6172
6167
641
1344
4580
744
714
8086
2492
4249
9300
7035
7941
7845
7229
9075
5161
3729
8984
8798
500
8932
4085
8658
40
6089
5268
5179
748
7091
2175
3757
4232
5734
9301
1142
8851
7306
8514
7298
7060
7279
819
3464
9431
7849
1324
5715
4348
7197
9937
141
9528
1971
2495
2022
2914
3984
9962
21
6894
2055
222
7832
4342
8726
9559
1855
6967
6142
9935
8497
7319
7954
3296
4498
1237
3484
5962
2006
4065
7546
665
5577
6078
926
2117
1295
6864
8775
3164
4826
8751
9452
9020
6119
3532
9224
3073
5844
9903
9116
3496
2203
7460
7053
2566
1106
6766
1070
5896
3938
6159
6542
8121
1164
632
1102
7935
7540
925
4077
2202
1736
6987
4633
1758
441
6297
1948
3558
7929
6614
3857
6730
9930
5184
5431
4549
291
3316
433
2924
5280
520
6631
2612
9723
7477
9472
2613
7436
2366
9980
3226
3315
2334
506
9512
555
9141
4530
6602
8700
5342
6301
4102
9988
9107
2285
2937
6424
4515
8084
6240
952
8165
3023
6680
7633
5389
7735
8006
5224
4903
2831
7378
6339
4512
2850
9396
6177
3983
3792
7438
5983
3986
4019
6911
9040
5167
2720
8925
5505
1586
2959
3240
2308
9305
3578
6739
4702
4643
5168
9510
4793
9596
6028
829
5016
147
3826
3268
9262
5902
450
4104
1108
2032
4605
7376
4284
8238
7427
4403
4215
7254
9873
3283
3673
3108
3964
1165
9063
4650
7343
5092
8714
719
4765
9859
6446
13
6942
8419
3701
7219
7605
7400
2621
8490
6527
4863
657
6561
4800
1432
7315
166
6844
5865
507
9555
9747
7759
1239
3064
2437
7108
7838
5437
8979
1993
8872
1435
2190
8081
805
2211
5881
6475
1049
7852
330
6083
9575
7247
8512
5426
2146
2716
7029
3703
8124
5352
4989
6725
8161
8031
3086
6205
14
878
6010
8858
7234
7601
8535
6636
7383
7783
6685
7576
7194
6834
4857
5860
716
1750
5085
5207
8100
4539
280
2109
2028
2851
5470
9749
8886
5339
4632
3228
4195
4610
198
3610
8638
7031
5164
7338
5394
4833
8537
7244
8193
9979
9003
5445
9282
7246
7598
7498
7164
3114
6521
9252
68
8859
9475
132
6363
3434
1813
5295
8041
8704
9794
9495
2327
2830
8893
4407
9011
6702
3140
4551
8626
8926
6513
6017
4052
2223
6669
3675
5688
5065
8739
6367
4612
1200
6318
7773
4158
979
5805
2700
3947
1914
1596
6509
7608
4743
6795
72
2976
5660
3577
9258
9770
4843
934
9278
5614
9059
6116
1638
3274
9727
1175
881
7649
1023
2152
7238
4979
2786
1437
8769
2164
2600
4577
5294
3751
6950
4692
4710
2065
2063
8368
8156
9756
8636
1421
4132
8339
162
7168
7136
9028
4653
6892
2404
2370
9484
6510
2567
9909
4020
2386
8413
5443
9827
4779
1772
9359
5076
5941
3448
5918
3003
429
7543
4964
8771
91
2944
6398
1925
9911
4224
4042
1272
5160
7516
4282
4371
8865
7527
2578
9994
7953
6001
6328
6340
1038
1518
4755
8766
868
887
1391
4598
8534
5143
6401
4603
9203
9097
8273
1159
4145
9569
1690
3445
4392
6712
3085
7891
5566
9936
3658
2886
8727
6436
9439
267
1490
1868
1359
329
5829
3179
2911
7791
9054
5385
9434
2666
9680
2147
3051
3789
2369
6128
3994
7655
5816
5711
5744
4067
1067
9546
1537
8282
7716
5064
70
6068
756
7826
3046
1331
1668
90
2213
8956
2638
3697
2650
7902
4753
6155
5010
1489
3379
2199
1190
1647
9350
8373
9367
2080
9599
5590
7346
256
6984
7630
392
3120
1646
6302
8426
3217
7887
2888
4596
4070
6184
1561
3582
6389
5767
1216
9630
5241
4302
7327
993
7654
6505
2696
3156
2917
1405
8850
5754
2268
1584
4432
8837
6604
3062
1488
7637
1285
8600
9368
1068
3704
6794
1212
7447
4001
3407
3884
2030
8464
7817
6860
509
9822
5680
8673
7591
1306
3374
6601
1935
9128
1341
6744
9922
8357
7089
9757
9751
5974
5158
75
5353
5940
3651
7205
1219
9655
8840
5787
652
1919
2086
1604
9671
1580
9877
6965
7078
1906
4464
1082
7956
2727
1546
487
864
2799
2145
5837
4191
3820
6707
3556
1704
66
9478
4780
2572
2348
4207
2784
4035
5211
5026
2043
92
2418
2739
5337
6422
6175
8455
9565
2859
1901
3873
7678
8574
1325
4651
2843
944
6590
1768
9344
2536
171
5245
3561
262
7628
5553
3694
6238
6818
1466
5724
9121
5396
334
7555
9787
5492
5937
3246
6886
6132
6079
9283
3149
8581
6653
3227
73
9634
6977
3591
3699
752
315
876
6540
7792
7589
9069
2649
6962
7865
7024
3772
9987
2878
4056
7014
1885
9797
1882
7011
4636
9806
701
371
4668
4713
9173
3429
2409
2472
8134
8835
7566
8877
4402
4332
2067
2674
2653
7483
225
8388
8251
3777
8586
5843
7406
6189
41
3607
3048
7592
6719
2590
3170
7857
1961
3216
9923
7323
7828
8565
6393
7958
3513
2675
7724
3411
7578
3589
1778
8590
3656
2306
3930
3525
5309
7371
5199
5640
1020
530
2474
7519
2365
8931
197
323
1115
2325
1927
7453
4638
3833
534
419
5006
263
8186
2029
2335
692
3779
6120
2115
5372
3635
1478
3810
3360
1894
2232
7882
3185
9372
4366
5659
9792
8898
1105
3682
4758
9755
3223
731
8077
275
1230
4325
9476
3979
6360
8483
8358
3560
6300
9143
1958
7896
7914
9915
6512
3845
1080
4669
2928
8957
6613
1932
3962
104
7416
8336
1477
4918
3476
7281
7079
381
9588
8633
9558
4287
1785
6789
6646
738
7139
4421
5868
5921
9076
1987
6884
5758
9790
3060
9621
1479
6262
2942
2305
2172
2683
6805
6501
772
6692
1122
1630
4361
8433
6753
6807
5615
2219
4830
7043
9137
8965
8177
2330
246
4894
4350
9210
7472
3736
17
7212
7518
3075
8897
7006
8823
9325
1798
2759
7662
8116
7888
5261
6797
7025
8463
2583
5693
2091
2827
5380
482
3311
8366
2846
1676
8707
831
7646
3645
4493
9091
3190
3007
2435
8142
677
2025
3835
6496
5246
5359
8668
1877
6898
3253
8385
8619
366
4265
7419
292
6348
1141
3381
2625
7793
8169
1941
4775
9188
8639
2777
1292
5000
1330
333
3946
2264
3502
7209
4581
4629
2333
4676
8826
9444
9160
6782
7342
2309
5269
3329
2112
2286
5898
4941
8035
7732
1313
3499
9302
4747
4122
5766
3382
7273
6823
6283
5897
5027
6368
4696
2990
4547
9686
9946
9290
7651
3805
6144
3825
3774
6786
1376
9823
3847
8489
8239
6160
2655
6351
3909
5630
8089
4579
1497
9178
1623
3065
6641
8150
5975
4620
5550
6415
4219
4796
2441
8888
2628
3480
2772
3522
3586
407
2445
8517
7410
5684
362
873
6489
3901
5982
187
5493
9270
5240
2993
8361
4203
2522
7781
3535
389
4944
3281
6775
3997
1236
8201
107
5403
737
3318
3383
337
1836
3418
9274
5595
9386
8012
5740
7568
2009
4541
8392
8860
5664
6993
6525
5650
9201
9053
8415
6728
8448
8205
3732
6338
3804
6382
6145
5826
2424
9991
5068
910
4893
7152
1711
9777
5973
2214
3244
3088
8228
5842
5639
5654
5748
9037
9616
8749
4658
314
8731
5101
3741
7837
8217
3270
1410
8291
9120
3530
1803
2490
4201
4220
5285
3713
1101
1283
2450
467
5713
2177
5872
8176
7169
977
5206
2563
8605
5511
7491
2699
9880
4078
3348
4111
813
9343
6855
2204
4836
4340
9992
9364
5752
2820
4071
355
8756
832
8190
1846
6451
2970
4983
2084
2090
1424
5108
6679
776
4192
8504
2891
1680
9191
5330
3061
7345
3453
7404
9129
6687
2072
5146
1018
8017
7548
5131
326
2852
6342
9374
1193
5469
2198
3221
4543
9426
6970
9899
7749
4471
8049
4932
3071
5149
2250
9486
7300
711
1939
7140
5162
4017
7835
9317
1124
4096
1147
5656
9490
3444
3256
9703
7098
1850
301
3776
2038
6029
9176
638
1438
1673
7017
6758
401
9427
5618
398
1487
8685
5633
3169
5603
4828
8274
9314
1274
8172
6749
9537
6582
610
8870
5477
9111
1271
9692
7439
5507
4351
6690
1695
6682
532
1873
6410
5293
5074
8716
3799
2983
9570
809
3852
6612
212
7839
578
9256
2405
9379
6623
7903
3608
2636
9804
5585
4797
7715
3677
8774
9419
6181
4261
4288
3700
1869
9430
8067
1299
2513
2187
8059
880
5419
321
9417
1464
6239
364
160
1454
6941
1111
2789
5647
4061
9215
698
7909
9666
5610
965
2770
3015
4550
8103
4066
6997
350
4938
363
4384
2452
1800
3881
7301
4390
1620
5821
7292
7692
4831
8779
4956
6203
2661
2292
9494
9592
8915
5908
3158
8994
4659
6594
6876
3303
4869
8802
4465
9709
6715
6085
1173
2035
8996
4434
2769
4205
4707
9349
6842
2806
969
2968
8308
2678
4878
4315
2012
1350
9265
253
9196
1642
184
9893
1289
2119
541
5321
3758
5573
3905
7314
4311
5565
4766
2341
5217
4154
5223
5313
8921
7748
7066
1418
4076
425
7733
7177
99
8978
3724
7479
6161
3143
3000
9587
6076
6370
2178
7677
356
8804
6704
1628
7761
7526
1790
2899
5957
8975
151
237
4820
3345
2383
174
1918
780
4870
2302
8699
6783
5093
6563
2110
3125
794
6369
2780
8522
9672
6777
4900
170
7385
8278
7908
5911
11
7632
4483
1675
7468
486
5467
1728
6228
1305
901
9214
4334
10000
3452
5773
1254
1826
8876
5611
2938
6889
1897
9254
4238
9720
1514
5512
4564
2751
7991
9696
1677
1910
790
9074
2991
8808
676
1090
8259
5487
8423
1422
3565
6723
9126
5560
3620
2159
2143
6016
8020
8194
1307
6841
9854
114
2230
2148
5871
9225
9415
4269
8832
8768
1476
9086
4888
1129
5979
6528
837
8235
9650
9352
5769
8160
6295
7131
1077
1314
8354
1412
3908
2527
2439
645
6278
22
5504
6703
9736
1189
4368
6193
5029
6077
948
3138
3302
2808
8688
9620
8326
1937
4409
4644
4458
9514
9327
7074
9130
2735
4840
8983
4554
5635
9155
7801
8317
146
1687
8995
3621
1351
7864
8518
1724
3516
4529
672
5963
1622
4171
9082
2481
6082
8065
3488
7970
4864
8857
1992
2217
764
19
4962
606
6895
5154
8502
422
228
7359
9316
3304
6096
768
3115
3339
6756
9972
1025
1286
7100
4749
6251
6225
5510
4247
518
6793
9463
8520
4768
5985
7297
6885
298
9933
4143
2880
8949
8810
5113
2071
3326
8485
2969
6551
1063
8375
4960
1528
276
9589
9600
8655
5157
3166
8353
69
3625
3739
2755
5945
6693
8231
3470
1689
4673
6326
4163
6529
6765
2708
6373
2478
6578
9523
8986
7107
8910
1858
9719
473
896
4631
7645
9966
1967
928
5605
9735
4782
7365
2154
9335
9977
4701
423
8436
1401
2355
5761
3846
3802
400
8712
8610
3050
2605
4476
1471
5310
684
4415
9593
125
8742
9971
9656
7363
8657
5899
1893
4824
6969
8287
517
3892
8807
223
2644
399
7744
1773
4677
4381
7907
9477
4011
6874
7998
1276
3520
8422
8213
5486
6183
4946
2604
3234
8505
2328
1549
3465
8830
5996
1833
7917
1556
1453
3987
2098
3927
7395
2848
25
4848
4950
5094
8571
5598
8760
2736
7855
1907
2743
6705
3850
1916
7850
8378
7195
9799
3100
2449
4375
1318
8117
5793
5522
6867
3549
7045
5378
7977
8115
3078
1727
9207
2796
1300
7401
6592
2941
8075
5792
7316
8560
7175
4226
542
629
7947
826
199
1484
113
1055
4295
6257
1083
3154
4114
4031
4100
8145
2128
4349
5139
7115
1062
6034
6121
6857
3137
2765
8593
3676
3084
4978
9990
4298
1747
6334
5699
7252
1268
3690
6187
9762
7403
8499
8811
8776
9670
3911
4092
8767
5496
5253
7296
4128
9365
8598
7691
6824
2468
9482
6192
4453
8595
2048
9852
3107
9901
368
6875
2647
345
5043
3257
8692
8033
558
2698
1349
7889
8849
406
9586
2737
8999
1473
569
9322
7105
9125
6465
603
2771
3755
2167
3882
6825
2576
8973
6880
2868
8549
1357
8561
3783
2577
4331
8029
9702
2597
2241
960
3391
9005
4961
6634
5722
4438
7964
4257
6143
5791
6248
3116
1092
4268
6243
2111
7288
3258
5153
2031
4885
9015
455
5646
5220
5067
2703
2589
9470
7370
4113
1510
9113
8320
4974
9464
958
5499
6998
6780
7926
9371
2550
1843
3753
1155
7697
6851
2791
9557
5803
3010
951
5548
883
2745
1943
3879
9955
1783
3443
585
9418
2551
9099
7721
4968
2041
5817
1612
962
6000
9652
8241
4418
6345
9092
3731
409
4236
7860
9021
2596
986
3780
5926
5621
1618
6579
6280
6644
3968
1952
4724
6557
7767
913
6992
576
6293
2894
6940
46
5058
7886
5454
2160
3889
2096
8796
5778
1417
5178
9677
5238
9713
86
4433
2635
2470
5799
241
7377
1660
2984
7984
4616
7125
7369
4933
3663
3872
3893
5644
437
8864
3765
1139
3813
6625
3473
3435
5018
4048
1406
358
7774
8207
2106
6125
1887
2553
4975
9369
1320
4856
6064
2691
1585
3563
9568
5248
7539
5873
8066
7590
1266
5279
9838
5813
1795
2384
5643
2256
8393
1767
912
7562
9662
5326
3427
424
3105
4528
8669
2581
3261
1280
3009
9134
9308
5555
8853
3146
6645
1398
3517
5448
2430
2595
6776
1649
6742
9782
2120
2895
2205
1559
6504
7016
1116
5406
3988
4168
577
851
8491
9896
7408
1014
1171
1639
1126
3056
38
4279
3929
7328
9912
4626
8440
972
9110
4144
5156
8345
4990
5850
1664
7459
3404
2637
6622
2095
6236
9391
6781
6745
2046
8467
7944
1717
9382
1170
4585
4573
1844
1652
9738
4262
7144
4923
1310
2274
9389
4380
3102
5781
6311
2267
3072
2558
7431
5701
144
995
3647
4285
6610
192
8132
1955
929
3308
4271
3916
3754
3039
5281
138
6722
408
8741
4827
3393
9122
9077
4059
390
8713
5051
5356
7018
6347
7731
6102
1568
4319
2186
1963
6055
8641
1951
814
9629
4942
1260
3958
8634
2711
7311
1041
5488
2656
9813
9195
8153
6307
8061
1945
474
6925
4867
9887
7967
4617
8053
8281
8242
3001
6803
3941
9151
5914
1238
6366
9098
2538
6647
4571
5730
6122
6581
9066
4264
6023
9034
8997
34
7156
3749
2102
712
312
5705
2775
6124
8174
4736
1009
3655
8074
2904
1875
7983
5609
6790
6497
1587
3019
2331
3247
6234
412
1606
8402
4115
8740
2639
188
9847
1204
9682
3132
8268
3214
5289
8112
260
1183
5526
4108
647
765
7789
5559
3834
7028
4715
7021
9294
2985
7445
3254
3314
4347
1787
5527
5429
4507
4955
3668
8746
4926
76
4660
436
6002
5351
9679
3356
3633
5885
4173
821
3091
181
391
3544
4307
1753
7878
2161
8013
4127
2713
2075
9904
9281
8094
7975
1934
1651
8280
1439
1134
1614
2986
4253
1752
7567
3122
2706
1551
8052
9997
6232
7609
4369
8884
2626
642
5623
6657
6355
6878
7426
4886
1944
1482
3969
265
1214
6910
789
5188
5961
3527
4602
3017
4014
6536
2407
5282
4521
7877
1563
5198
3347
3869
7259
3538
3790
2298
5489
4700
415
3622
8303
5745
7226
7309
6
5783
7094
2208
322
491
1400
6652
230
4544
5186
9864
984
8536
955
4555
7505
4804
4752
9789
3748
6516
827
949
5304
2058
630
7040
6544
4197
8451
5772
1485
1746
7848
8063
6667
1346
7494
7641
5192
4708
6080
7775
9398
3309
8800
8350
2047
9401
5500
6060
6198
1169
7322
945
1857
7851
8102
6013
8855
7496
9467
4450
3759
6011
284
9042
7361
8364
9870
5163
2534
8918
6816
2372
2812
2293
6003
683
931
5537
5779
9851
28
550
8609
2893
3989
7334
8501
747
975
1103
5490
8937
3500
3518
6638
8803
2702
5568
9466
6982
2520
9061
8247
3052
2607
6899
9513
9715
7360
8945
9954
2243
5284
8064
3229
8351
8694
6697
1
202
3049
3618
5436
8167
8342
2951
6100
4254
4901
9123
5136
8416
7008
3490
9402
1891
1218
2318
7312
1555
316
7473
6166
7137
5491
6918
7785
8154
2640
4240
7913
4139
1594
5991
1942
4081
3923
2560
3266
964
6428
1985
4538
102
1917
4803
3977
653
8603
2133
7782
8728
2280
6117
8498
2455
1842
9945
7583
4018
4666
9177
7666
1026
3634
9209
2432
136
4952
6314
2949
9408
1423
5703
8548
4519
8382
1303
4844
1515
8331
3832
2505
3026
5449
8788
6784
7500
5237
4206
2176
7270
1821
9591
4523
9023
4630
7265
2446
1005
6904
2797
4137
6174
2074
9044
5750
932
2498
7554
4109
5965
3218
7823
3507
3648
2229
9052
825
2738
4891
5966
2689
2358
4670
9836
9403
7490
6564
4010
1730
4004
45
9032
8171
4832
7444
191
6111
6069
9580
7622
9839
203
1008
5747
6059
3372
3160
3397
5674
1264
4911
7861
1227
9377
4799
501
7875
4391
1154
1148
8257
2896
9801
7233
6624
9038
4518
6734
732
3738
6995
7443
5819
7068
3616
1874
4685
6733
7822
5370
2322
9525
1168
7186
7109
7836
5954
320
1788
4688
7545
7625
9445
5122
6216
9741
7757
1447
2731
3615
5662
445
145
3082
6460
5719
9821
7070
3361
2464
8650
6330
2184
2416
1034
5306
9927
8625
4958
3269
5513
8277
3112
2169
5464
8293
1578
9333
2494
2108
2410
2207
740
5549
7366
3282
1172
3235
7097
7843
3619
1247
1617
6432
6287
2431
5020
2717
5098
8822
3205
2240
618
6499
2054
4353
9978
4029
10
7656
8506
4994
8442
5216
6827
3022
5244
5166
8734
7894
3898
4389
251
5316
9226
2059
857
9667
8783
303
5485
5194
2586
4754
8107
5015
2301
5075
4277
3990
3966
7313
8365
177
3285
2227
4491
6480
7411
375
4703
3209
3571
7689
2237
8427
6131
3225
5349
635
7900
8076
4981
9853
6676
8356
7636
5670
1336
6317
7610
4470
2473
6350
8817
5185
7901
9658
2718
7099
6688
5876
9916
6769
7010
5455
9684
3152
4583
8900
3113
2228
933
4890
3399
4292
6357
1670
2092
3031
15
1986
9268
3294
5071
6808
6493
559
1088
9340
8791
7829
567
215
4003
4572
3686
7895
5439
8068
5676
2994
6075
5189
7939
5906
1390
6450
1871
3351
6541
8338
754
6054
1953
915
9062
6650
3163
3503
2182
4280
9531
3030
552
4773
79
3716
9273
2860
3041
1007
9584
3590
9046
1087
9153
1180
2429
6178
428
4393
8555
3198
8428
324
2283
9012
2313
4306
8073
646
4728
9366
9010
5958
9717
6341
5738
6263
8137
7703
6798
3036
3880
1699
8421
402
7033
6135
7005
1865
9730
6991
9707
2537
5866
9206
3924
6288
9716
5649
12
3782
7310
4578
8384
773
5977
1928
200
3685
5757
2874
9560
5476
1069
3079
5091
6902
5
557
6268
2118
1163
3936
2835
6523
3665
2137
9572
3932
4126
9964
5409
9774
8955
3888
3057
158
6356
725
7284
327
8276
2501
9690
2275
369
39
862
6104
3605
2930
3863
2507
5183
1058
1342
9511
6062
4456
3355
5846
7278
5404
1493
5344
8071
8919
5298
6220
6407
4112
9871
3661
2575
3320
2587
2870
2413
670
2312
411
5103
3135
9780
7210
470
5413
472
277
5361
1966
8458
5079
515
6893
2088
9889
3534
4089
3609
2746
421
4477
9296
3252
7684
6146
7264
1994
2598
2375
1031
3914
3412
5661
5196
9970
8219
2723
7582
9953
9267
8367
658
9451
7968
766
195
4825
4623
2561
5928
8047
9469
6473
1996
5013
8414
7531
4252
1710
1814
7189
2913
6362
1156
5048
1682
2793
8891
9968
8763
8302
5410
2965
5390
6662
7711
6153
8618
3920
8614
6994
5571
6418
1202
432
9657
8181
8510
5901
3260
7065
6811
6483
148
2766
956
4662
6617
9879
2622
9800
8104
95
8745
7036
6609
6762
3413
1665
6197
4177
1634
3390
9337
2670
9765
5384
7994
1632
9996
5478
9354
2624
2978
1706
3238
5520
9608
5430
1542
1434
5869
5369
2351
2276
8475
2992
3106
5594
9235
7768
8648
3468
8210
7178
8283
5811
4248
5433
8256
5558
2862
269
8227
3547
4841
7890
5354
3029
7082
8316
7452
3506
9538
6490
8196
4516
4401
4050
431
8105
1609
3
7069
3723
4817
7085
5682
9834
9264
348
1075
4576
4594
2776
8833
598
5230
2447
2343
1127
848
2903
1052
2855
6210
2402
9383
1107
7141
8021
1957
9228
6194
278
3750
1513
6329
4016
694
879
5086
5782
7153
7375
2529
8552
9000
2116
1327
4750
4408
7485
7236
2123
1040
903
2546
249
4202
4324
6961
5270
5784
9479
2288
5145
655
2884
863
2136
5124
9468
2000
1495
9245
9840
485
1782
7719
6259
6249
4462
6456
7885
575
4694
9199
5030
8263
5208
1415
3597
1509
9974
2920
288
3040
7295
4733
6408
7121
1565
8474
2060
1039
2518
5567
2778
1469
3420
3332
1158
2707
1579
8515
6838
3876
7795
3707
8907
6908
651
5497
9539
6573
6706
388
626
818
7289
6746
858
8916
490
4454
1947
5838
6433
3251
4064
8411
156
1321
7874
1256
1552
5836
9240
4480
8998
3728
5960
5114
6943
919
2825
6768
9456
9051
9868
7372
7577
2485
2619
8328
842
8461
3025
224
4746
7173
8079
4731
4695
9485
2695
7586
3342
6049
1959
2957
1352
2024
9745
1288
1825
8315
4026
8155
1066
8718
6637
4858
922
8143
3900
7585
524
6149
4922
5707
9674
7157
4461
9959
8310
1672
7619
1532
3280
4360
784
1120
24
3176
4812
4486
4151
1475
9567
759
2448
1792
6659
942
8157
4251
29
9230
2573
8069
3895
5336
3047
3856
4427
537
5134
6394
3501
6327
7873
6670
4447
5152
6286
8333
2387
9133
4727
1780
8138
8868
210
5258
2362
7167
2097
296
9103
4882
7174
1427
5727
3094
4534
51
8720
9407
1775
8729
8312
9380
1599
5402
2721
1446
3746
1712
9861
4756
4041
5687
9865
1338
243
9197
357
9057
2149
3606
9461
6591
4794
9829
3324
8627
531
6996
838
7669
5106
8805
6114
5877
2003
3976
9669
4255
7223
3417
890
5641
8168
3664
9483
8814
4811
7743
5355
4850
3771
5668
4908
9649
360
3862
8418
7274
3733
6788
2374
8272
1679
9637
6008
2947
7198
9373
2510
1770
2255
3055
6044
4082
8446
9159
654
6812
900
7280
9156
9527
4810
5721
5950
7093
7930
1990
3188
6303
2664
757
2443
1879
6227
4735
6209
3617
2064
9443
2588
6732
7120
1771
7695
2998
546
1999
1319
6608
9361
8889
7536
351
6376
7422
3680
6931
9659
3643
3123
1611
8408
7055
2782
9014
6270
3325
8078
620
5509
6891
4877
5677
236
6322
9234
1363
6037
5362
499
5204
8551
9355
3070
9594
9190
2297
7203
8806
7440
1938
808
1722
4316
4742
8827
9330
9227
1859
5751
4396
9410
6569
5541
3334
4954
6282
252
4343
6887
4618
2599
8471
9013
7393
5278
7380
835
3933
3849
5574
6218
9875
5582
5692
5050
7364
9722
5790
9312
7613
7266
9973
196
6681
74
3035
8970
4874
5953
4400
1737
6826
2007
4377
7564
5137
7664
8032
3583
4054
6098
5857
4563
8002
9530
9070
6359
953
5628
6385
8630
4760
3058
3442
240
751
3331
6854
9841
5398
4
836
7159
1378
7104
3767
513
4273
3278
139
7799
8556
8960
54
1010
6810
1648
7424
6671
6472
6999
6462
8509
8670
6822
5472
1830
3531
2259
3536
4336
3330
5035
8934
6587
1061
2955
5033
4936
1984
1060
4722
4495
5756
105
4181
5088
8234
3646
2798
3604
5987
238
4040
3546
9246
8306
6695
8036
503
4513
2845
5780
1465
8863
2183
5501
4297
9425
5102
3150
2902
1248
2515
5847
3463
3566
7128
3249
9222
5059
4943
3367
7659
9080
8711
2345
6221
6224
5601
5225
5036
7429
483
6324
9609
637
2767
7955
8152
3639
3794
8887
5125
8224
4482
5588
4318
8765
4887
2919
5364
9641
8321
9579
6050
686
7038
3540
9019
9548
997
1899
7049
8010
4027
2258
741
9816
2962
5671
9250
3764
730
6412
4627
6290
3601
3778
7335
9131
7737
8453
405
8106
9089
7276
2694
6675
1817
6748
4372
7736
5323
9613
8591
6469
3104
5678
7196
5617
3511
7282
987
2042
5967
5789
109
8980
3136
7700
9438
5073
2658
2068
2973
9931
5763
9541
8772
9488
724
1374
404
3985
5525
6492
8762
1703
3013
5291
9897
2887
5891
5827
9079
8526
4562
7283
6698
6378
9638
6879
1091
7565
8048
328
7341
6201
6107
7523
1818
5849
8896
5348
2963
1591
4719
5037
8883
8958
4806
7856
734
3141
8596
6724
1474
4641
4091
266
2011
498
9360
9358
7951
5579
9942
6214
5597
2747
770
3378
3369
2488
7509
2829
4769
5180
2972
7409
1157
1995
8874
7934
7981
7660
7809
7811
6474
5531
4976
5428
8747
3177
6019
5090
5231
55
7965
6353
9147
443
8553
2787
5222
3612
9342
1353
2289
1468
985
625
1671
7352
2480
4611
1511
888
9458
6090
3564
2272
9708
122
6024
2393
2659
3580
9446
4791
3045
9697
1979
6275
1030
4829
4517
4293
8404
5232
6948
3460
5317
4849
5839
5976
4028
6599
6035
9025
299
6980
8372
6648
9576
6556
729
3632
2592
3483
4422
4904
7552
3475
7918
514
668
1225
9009
4423
9117
1252
2477
4741
9995
1220
4239
4917
1408
6549
208
6520
8785
7349
4937
383
5833
8211
6306
3408
1635
4362
4909
611
4179
5473
7798
2017
6188
440
8847
806
5328
342
2225
33
7256
2130
3482
4075
3204
9251
5463
6279
6989
2692
9255
2114
438
4734
9286
4039
4889
1564
7812
7961
5858
4156
5909
5053
2579
6532
9533
7267
1654
7039
9165
5081
2150
4283
245
6190
7291
6747
4884
2226
1241
6486
6588
6845
2277
8882
9810
2139
6222
6928
1379
4430
7688
5228
250
6684
1429
7893
2517
6298
7557
3014
6729
804
1176
830
2927
4506
1573
4214
6607
4969
8577
7879
6454
6717
2234
7235
4278
7207
417
7020
8873
1012
4063
2414
6084
5082
6643
8334
6714
2785
9027
3487
2215
4600
6223
6945
8492
6390
4142
9612
50
4009
6137
4149
885
3572
8370
1923
4069
6437
4299
3400
7587
968
318
5104
2734
3255
5619
7708
9506
6292
3818
8920
7547
2849
6265
3886
1570
8082
3305
589
7215
9185
8248
3745
85
8538
6633
6673
7762
1191
899
5948
8825
5681
48
9759
2326
2542
3830
2010
7960
9115
7037
2792
7841
3208
9784
8295
1078
2076
3614
3982
586
9673
9918
8396
1179
3594
4167
2512
6070
3543
9499
7725
4965
6658
4245
1195
5853
1643
5964
5663
2741
1409
5984
100
2
5657
6313
7394
9643
8903
1244
7556
2126
9181
4565
5648
8097
2040
6511
627
549
7971
6770
3288
971
5840
3854
4514
3430
3995
1282
886
4739
2945
2311
4479
1228
733
3319
5373
6754
4460
8435
7727
4193
287
9783
4569
2421
3529
207
1226
8927
4730
7606
7034
5256
3151
9943
8098
796
1721
5221
2415
6859
2062
959
7299
1900
9138
9786
5624
2966
6309
4711
9764
8691
3786
2822
332
5534
9590
7569
9857
7158
5586
1776
3388
6447
8797
9561
3773
681
5421
6406
2611
7575
3996
3803
9542
834
4781
7842
7206
8780
3575
1912
6191
1774
907
6156
7478
3054
5689
6583
7487
3791
385
5312
4854