500
9951
3502
1806
3995
1878
1844
5161
4594
6613
5532
2939
2121
8277
3902
4395
3209
9133
6352
945
1564
8121
7114
9160
4726
5061
1738
2602
5382
4766
2468
9483
4175
5873
2114
3923
662
785
4253
2731
1168
341
2765
8265
2837
5505
909
6784
3716
7159
3231
6318
5810
7489
1581
3137
9827
3570
5706
1408
4868
6785
8590
8531
3413
8133
2658
9211
8368
4040
6289
7409
9862
6347
8437
2137
5794
4826
9618
7020
9421
5041
1377
7193
5506
3972
481
7297
3391
1080
7064
3280
1499
7343
1653
2727
6501
1106
6250
3268
5084
5091
9439
7101
7910
1666
6698
8627
269
6170
993
2091
9813
8024
6434
1508
9988
5126
4359
7425
5135
8094
7313
5736
4613
3606
4905
6905
4258
9901
1882
870
4825
3745
4272
6437
4691
4331
7325
161
2799
7392
5306
1361
3835
8172
7842
4644
9148
7404
9915
3252
2963
3612
3329
7115
9637
9490
7714
7950
2817
6010
5163
8810
6616
8491
8842
5493
136
668
9315
5420
3727
7924
5548
2109
2825
4309
2601
588
9745
7413
6382
7609
3408
8924
8334
2478
1611
9914
9325
8792
9727
2929
4722
9963
5062
3119
5730
9753
3424
8379
3071
8367
6618
4150
8963
8995
8813
7703
7197
1664
2340
6364
6741
7207
5101
8364
3527
9367
3404
3768
3473
7403
5385
8407
8298
9752
1840
2951
7863
2361
1758
7099
1675
3352
1902
8589
5791
1114
3992
8587
3660
1551
2586
3713
4633
2475
2656
1686
6986
9678
2570
1559
5475
791
6787
6765
3950
4849
733
3871
3370
8953
1149
4043
9304
8611
2841
7109
8699
7402
9379
9355
7577
4620
3975
5089
2764
4116
8705
2695
7065
8770
9565
673
4212
4312
8638
4953
2819
7324
8460
5492
8126
1959
1088
6320
5870
8214
9591
1525
9113
8652
811
780
2032
2487
6752
2683
9773
4488
6942
4648
7812
1217
4121
9715
4260
6996
6179
8069
8481
7959
3126
9848
6794
165
9361
7134
3411
1910
5370
7585
158
1988
6203
89
5438
7776
4247
8616
6448
9084
7399
3293
4699
4486
6861
7984
2429
1589
6304
3166
1777
3769
1817
7531
46
7469
3455
6769
3444
6069
6720
7212
2099
9704
8464
3594
3907
7255
1648
9559
4740
6834
8724
3750
3182
9458
2439
3581
689
6543
7586
2364
5854
9889
9265
1649
1650
8500
4733
5052
579
4672
500
9343
9683
6685
9430
6971
7300
4500
9218
6272
9171
7056
9413
3202
6372
6020
6846
1223
6708
452
5311
7943
1265
6077
4082
1823
5781
2312
2056
7696
895
5937
6112
7464
9616
309
6462
8772
2022
6736
6287
5724
5228
1751
27
4709
9498
3341
2443
4065
9081
4010
3251
6930
7118
8939
1434
660
1279
857
9272
3407
6220
3021
8541
8301
2584
1681
8742
7783
1176
2670
4919
7816
3050
1076
9334
3632
7649
351
2253
2235
652
868
4991
1660
2298
2098
6858
766
3611
7208
3132
5090
621
6341
2915
5003
6994
1900
2718
680
4222
5297
827