5000
9951
3502
1806
3995
1878
1844
5161
4594
6613
5532
2939
2121
8277
3902
4395
3209
9133
6352
945
1564
8121
7114
9160
4726
5061
1738
2602
5382
4766
2468
9483
4175
5873
2114
3923
662
785
4253
2731
1168
341
2765
8265
2837
5505
909
6784
3716
7159
3231
6318
5810
7489
1581
3137
9827
3570
5706
1408
4868
6785
8590
8531
3413
8133
2658
9211
8368
4040
6289
7409
9862
6347
8437
2137
5794
4826
9618
7020
9421
5041
1377
7193
5506
3972
481
7297
3391
1080
7064
3280
1499
7343
1653
2727
6501
1106
6250
3268
5084
5091
9439
7101
7910
1666
6698
8627
269
6170
993
2091
9813
8024
6434
1508
9988
5126
4359
7425
5135
8094
7313
5736
4613
3606
4905
6905
4258
9901
1882
870
4825
3745
4272
6437
4691
4331
7325
161
2799
7392
5306
1361
3835
8172
7842
4644
9148
7404
9915
3252
2963
3612
3329
7115
9637
9490
7714
7950
2817
6010
5163
8810
6616
8491
8842
5493
136
668
9315
5420
3727
7924
5548
2109
2825
4309
2601
588
9745
7413
6382
7609
3408
8924
8334
2478
1611
9914
9325
8792
9727
2929
4722
9963
5062
3119
5730
9753
3424
8379
3071
8367
6618
4150
8963
8995
8813
7703
7197
1664
2340
6364
6741
7207
5101
8364
3527
9367
3404
3768
3473
7403
5385
8407
8298
9752
1840
2951
7863
2361
1758
7099
1675
3352
1902
8589
5791
1114
3992
8587
3660
1551
2586
3713
4633
2475
2656
1686
6986
9678
2570
1559
5475
791
6787
6765
3950
4849
733
3871
3370
8953
1149
4043
9304
8611
2841
7109
8699
7402
9379
9355
7577
4620
3975
5089
2764
4116
8705
2695
7065
8770
9565
673
4212
4312
8638
4953
2819
7324
8460
5492
8126
1959
1088
6320
5870
8214
9591
1525
9113
8652
811
780
2032
2487
6752
2683
9773
4488
6942
4648
7812
1217
4121
9715
4260
6996
6179
8069
8481
7959
3126
9848
6794
165
9361
7134
3411
1910
5370
7585
158
1988
6203
89
5438
7776
4247
8616
6448
9084
7399
3293
4699
4486
6861
7984
2429
1589
6304
3166
1777
3769
1817
7531
46
7469
3455
6769
3444
6069
6720
7212
2099
9704
8464
3594
3907
7255
1648
9559
4740
6834
8724
3750
3182
9458
2439
3581
689
6543
7586
2364
5854
9889
9265
1649
1650
8500
4733
5052
579
4672
500
9343
9683
6685
9430
6971
7300
4500
9218
6272
9171
7056
9413
3202
6372
6020
6846
1223
6708
452
5311
7943
1265
6077
4082
1823
5781
2312
2056
7696
895
5937
6112
7464
9616
309
6462
8772
2022
6736
6287
5724
5228
1751
27
4709
9498
3341
2443
4065
9081
4010
3251
6930
7118
8939
1434
660
1279
857
9272
3407
6220
3021
8541
8301
2584
1681
8742
7783
1176
2670
4919
7816
3050
1076
9334
3632
7649
351
2253
2235
652
868
4991
1660
2298
2098
6858
766
3611
7208
3132
5090
621
6341
2915
5003
6994
1900
2718
680
4222
5297
827
8821
570
8388
4551
1968
3164
1887
711
4209
4612
5104
3877
4623
5994
9261
8200
6178
5211
9538
5566
6204
9307
9020
7631
3895
3350
6089
6339
5936
1598
8117
6242
5260
6568
7209
1780
6401
5472
5829
4051
6202
2863
4685
202
9314
8949
3809
1289
2160
606
4870
9756
6183
6928
2162
1605
8836
9193
9545
6635
4997
8783
4714
2923
7475
8706
1704
176
7813
3905
8495
6224
1390
8393
8235
8848
6718
1084
284
461
3862
6285
8485
4079
7231
7999
8132
7735
6707
6233
7772
9581
980
3983
8158
7891
2127
3392
9347
8760
6162
8626
8653
8404
6166
3633
1824
71
3541
6546
1334
1046
3832
7669
9754
9564
4017
5789
1306
9798
3069
3484
9723
3337
1004
3068
7318
5013
7665
8859
8588
2075
6922
7940
7051
5174
8076
4676
4287
3599
4054
1064
2301
7723
8148
4074
7225
9294
2415
904
2387
368
9016
7636
5479
2314
7487
5747
3354
4138
3649
9212
1570
3883
9709
8035
5934
2018
7836
1226
7548
4296
5178
1523
4388
2736
2787
3475
4973
9610
6332
418
7466
2946
703
9010
3621
7719
5903
8524
1832
2846
2640
9615
9396
1827
2611
9478
160
3613
2977
8443
2172
1874
6980
4848
4038
5511
9853
6050
7657
2711
7707
5675
9731
4962
188
3506
275
3043
4928
4941
6375
7658
5895
2046
5785
4148
8744
6311
1826
4692
1399
1425
3684
8675
3772
8591
7063
2871
7997
1507
4347
5290
1284
7125
1067
714
124
9549
1409
4863
5697
7184
8571
5432
7061
9759
1185
5058
9309
7565
9373
2655
6321
4873
2145
5098
4628
9431
4062
793
5704
259
8476
7172
6585
7410
6533
3339
7192
2083
9202
290
4844
5339
6750
2730
9700
7299
3586
7477
9869
9928
3880
7503
8544
1041
2347
4244
7228
3552
3787
8671
9122
8424
9512
3387
6875
1693
1247
7062
2891
7241
6936
8728
852
4773
1888
1295
2090
5928
4278
4376
9953
6051
1252
6676
986
7894
4667
1892
2633
2757
3271
4930
9894
7637
3849
2569
3791
7526
3476
6802
424
4918
4099
5832
550
5283
9448
971
4405
3342
4410
232
2947
5652
6664
5753
8880
2261
2800
844
238
1479
2471
9578
7046
8876
6105
8595
8545
1578
7135
5187
4299
965
3982
6493
7422
7346
5771
5119
2076
3022
121
4465
6008
5026
164
9513
6159
5032
1384
7218
1220
9543
4589
2715
6833
9471
7493
444
359
753
3583
1097
7419
2768
1528
1957
677
7953
6714
435
5892
437
5050
9657
8034
279
5408
9186
4103
5279
609
3361
5264
4401
4366
7187
2858
2953
6459
1757
9710
5573
1094
8224
8349
1511
2353
7281
8107
4302
6376
4598
8565
8890
4832
9837
7975
6015
9509
4011
9203
5663
2989
2742
7385
9054
5037
4694
1639
4916
7994
2079
2606
7858
3866
9896
2917
9958
396
5066
1287
3284
664
707
3698
2434
5284
403
1606
8063
5502
189
9398
8602
2337
8062
4885
173
1189
2311
4444
7559
3514
5550
569
2838
7011
9251
522
7788
9061
1392
6925
6424
6705
3011
3264
8180
4675
5027
2086
7481
3211
1157
8834
5528
7175
5012
4955
927
9801
8538
5083
5415
3666
5923
5681
4867
6726
3986
4298
5054
9596
901
9411
7799
2781
9831
9900
1372
8758
5240
3721
8105
9632
4496
7049
7775
6993
6175
3766
5304
4416
8798
645
1899
9917
4933
4966
6957
5185
5885
2292
2664
2780
3058
1916
8431
5400
6283
1513
5583
9330
4641
108
1741
1716
235
9714
5358
2627
8072
1851
6594
7272
3204
7070
1683
8850
1864
6902
7778
914
5537
6575
1091
3314
5373
2149
8463
4363
8768
7047
1036
7732
254
3836
6523
5635
5613
9912
1181
3625
2345
4876
7344
1432
4441
757
1214
5651
4308
1655
745
3934
3356
9527
8219
8486
2572
4729
1197
3664
1661
9541
4949
4895
9353
4707
2619
3233
2522
77
8528
6931
2044
9400
7151
9749
3831
9249
8643
5378
1939
5782
2029
462
8754
7889
37
9574
8935
4864
6255
2391
4192
1940
9599
3104
9520
4822
2129
2689
8975
9299
9048
6116
4817
4454
7214
9377
5504
6388
7166
6190
8272
2520
3663
6139
2588
2848
4686
6505
257
4250
306
4003
4915
3052
5312
8058
1051
8667
9654
6090
2379
3063
5766
1700
4736
8493
5355
2936
8927
8940
5368
484
150
851
6468
631
3238
7437
4314
2896
7794
824
7386
545
7767
1517
7396
1574
1109
3430
6021
4582
4464
6850
1071
3988
5277
4578
8906
3298
4879
5909
1311
8631
9792
2392
743
7050
1002
3646
7777
7660
7861
2309
2720
5258
3301
2263
1850
2483
8156
393
7354
952
3494
5876
2420
7180
9803
2157
7384
3989
4892
2128
1022
5517
2784
8213
9223
4124
5680
6597
5480
5630
1473
9871
3165
3815
6078
8259
6000
4607
9776
4012
9996
1937
4423
6563
3872
797
8120
8008
2282
1712
5164
1994
62
6060
2333
7670
4669
1860
7596
6719
1595
468
4653
5586
5310
615
4428
3259
789
734
1443
6114
6245
7569
6660
8042
4007
6292
9784
7431
3216
8496
4076
1891
3120
9977
2725
3765
7258
7743
1873
7177
2899
5245
6611
4583
7903
8893
2323
7739
2766
957
4643
6173
5957
3092
2223
4860
3788
2935
6425
8961
3811
7610
7605
9167
3322
3568
7460
2406
1560
5196
3904
4762
9271
6826
5639
3384
2812
5735
1602
1048
4126
8519
8954
2033
1928
3927
4162
7645
697
8389
6274
5496
7679
781
6416
8738
7461
4852
9717
5734
7086
6899
9655
692
9974
5902
6374
8144
3894
6164
58
9739
7507
9103
2509
8124
8897
639
4367
8159
7639
1047
2844
6431
8399
7227
1914
6792
6687
7730
7083
8425
3776
3794
5051
7420
9935
9291
6278
8146
7759
5381
5017
3859
923
8255
7749
9523
3930
8145
6286
7744
1281
8948
826
4617
2331
8684
2191
2316
1755
3533
7123
6117
5206
5094
5716
4528
6013
8351
5837
9789
2685
2716
2491
2060
1216
8668
8762
2635
6454
997
8466
6695
9998
6095
7982
8566
2857
6880
1440
5864
1694
4092
1808
2703
751
16
7435
5947
627
3500
7249
739
4234
5843
7129
5280
8516
2184
9926
4085
6813
4811
959
1978
5667
4305
1478
5340
9250
1012
1898
6472
584
8472
9906
1493
1886
1433
9783
4793
721
7347
135
3829
6413
6721
6527
6598
3169
2603
6044
9422
3665
2207
4239
2648
1322
4288
910
5529
7986
3362
6238
9519
8816
1953
4984
5969
3724
1759
8081
6578
5952
5231
3813
1190
949
8266
6548
1557
6195
4332
8983
5890
6564
556
1582
4952
4198
5073
5833
2545
3312
7837
2807
1514
8722
9074
9743
2986
661
5446
4494
4218
6945
931
496
735
6214
3929
8111
3171
7365
9903
2559
423
9372
1822
5676
530
3711
6355
9984
9068
6290
9401
2994
3203
2124
9358
628
9525
2047
9950
4814
7990
5787
2095
4865
3295
4787
8862
4087
8005
9035
8477
8245
1346
9226
7496
2981
9560
4445
1175
3798
5968
9922
7517
1894
2649
2286
1016
1805
502
9027
3330
5514
1471
7715
9487
6581
8390
2068
425
4440
8406
5551
5576
8233
6313
1977
1903
281
2198
499
9685
935
4531
3060
8564
8408
6854
9794
3398
8032
566
6271
5733
8731
2667
222
6619
2480
624
175
4319
6646
3196
3851
9414
1476
649
3968
3192
249
2749
8088
5328
2510
1023
6400
2596
5503
8530
6216
2224
1452
9065
4943
9229
213
6517
2376
9536
8439
4833
9544
5933
7741
9114
8696
2801
4251
1769
5746
8436
9073
9795
8099
7643
5874
6003
3250
9515
6335
7088
6917
9645
9274
9392
2717
601
4624
5444
323
7724
9067
7539
1597
7372
9418
2346
4259
6423
197
2254
854
5147
248
8395
6958
674
4204
313
7312
7082
5758
3184
9031
7468
5614
5752
1609
1273
7058
2132
6582
3373
1378
9468
6728
6110
2737
2859
9820
2624
5011
3524
8020
111
8023
8106
52
5322
819
6624
2102
1412
953
4173
8873
1534
244
5353
9152
3590
3220
6071
2660
4789
9001
3023
6997
4982
4596
1695
5271
4184
9744
4813
218
4056
7067
8409
9292
5007
9339
193
4732
8923
151
2761
1692
4944
1747
6870
8661
8396
1488
5470
6795
7556
5424
239
6356
6464
3856
622
617
9352
5455
3996
2969
3247
3807
5678
5605
2385
7524
9258
7
7221
1809
2142
6913
7019
1472
1985
7666
5996
4072
3656
1254
4279
8075
7845
10000
7485
6544
9147
3752
7434
4161
3291
4084
8101
985
9750
7594
6607
8773
4779
4283
4485
3729
6435
9931
9188
2767
6504
137
1625
5718
3516
5132
7350
5360
7518
8418
6066
216
732
7651
5621
3925
2335
9059
8153
7913
7919
8261
5585
4761
3048
1191
7734
2864
9517
1133
1708
2546
1662
3652
3158
2402
3480
9313
2675
4408
3094
3017
2513
528
8689
1135
1474
9489
2054
7960
8717
2401
8964
8751
8533
9929
2949
6419
5920
7211
5484
8691
7604
6947
3179
7071
9346
5965
9006
6073
8041
9636
1009
6176
3630
3123
9819
939
1397
2002
2910
5111
1572
5266
8353
5693
5804
9134
2338
2175
2550
4095
2589
6134
3655
4460
5879
1634
8123
3389
6601
4144
6169
3763
3431
5276
7801
6232
2400
1341
5114
40
9336
6302
228
1556
1158
921
9737
4507
7423
8484
2556
8840
7353
303
1031
1956
9870
5818
6433
1276
2866
7397
2578
8296
1742
4083
2642
2294
716
209
6532
788
1815
8115
3614
8677
8955
6197
4023
9679
1335
1249
9215
8870
4016
7538
9090
7824
8642
2250
9816
8326
6973
4688
3065
8757
5700
8577
5019
5055
486
2525
9042
3865
1541
860
2561
7033
3443
6006
8455
2074
5467
31
954
3355
7139
8660
4273
443
6205
3249
9138
7716
5795
2
4521
1713
2617
5973
7375
9846
4731
7695
9345
8405
8811
6596
5959
8748
2227
192
6982
9664
7584
9041
7093
5567
3900
620
9529
6983
5554
2135
2450
6506
9687
5982
7905
4526
3053
6018
573
6873
6910
8054
4824
6353
9087
2187
7770
991
5239
8033
4137
1343
6371
3454
5417
9845
9076
8242
7543
9337
8003
3961
636
6058
102
1043
6503
3124
2359
887
7879
6513
6421
3853
6806
6825
8618
8222
3007
3229
5622
6481
3390
1973
2080
1674
9858
297
6856
3289
8547
1207
8920
7342
4463
1293
7898
8624
9592
6046
5308
8256
2197
3415
5478
4341
4375
196
1180
5237
4769
2503
4647
8945
8400
5579
7401
1468
3117
9135
5694
367
471
3146
8869
476
8376
7712
8220
5
3920
1779
5499
4799
1502
9252
6057
6207
38
9354
2100
7600
9163
4491
1173
763
3175
9619
6252
1117
1802
9668
3257
6363
2154
2461
5577
353
638
400
5780
2178
2057
4320
2133
2740
1711
9205
4456
6987
3839
7589
1241
2378
5388
4289
1982
4172
7326
9863
9302
5961
7815
3152
1340
9141
5252
8613
9198
1858
8586
4593
7327
417
3009
9938
3892
9435
9997
6686
5379
6104
6780
3458
3357
2998
2092
538
3562
4342
1404
1974
3818
4823
3532
594
637
4557
5250
7240
825
8292
2972
3554
6222
3538
3830
5303
1231
8614
881
936
1665
1396
1391
439
127
9833
4483
6697
1423
558
8649
8601
4923
5989
3778
1368
3722
5281
5349
103
9608
3976
7731
2297
5608
7736
2307
7598
5558
2325
7480
9459
2669
6038
455
115
9273
4300
2049
2777
5555
7899
6893
9305
9791
6208
5332
2613
1290
4001
4426
7717
1918
4631
505
485
8216
9800
2380
7224
123
85
5711
9221
599
7463
8287
5149
7629
8621
4998
3691
3419
9241
1422
9641
83
8446
2828
695
2324
6001
8160
2920
3639
2822
3601
8972
8427
5557
7023
8551
3574
5850
9696
7830
8100
5035
2281
4618
17
4514
4790
4911
1718
809
1586
4495
7860
7725
477
9425
6715
1889
6113
3825
7483
9008
2205
5943
3840
967
3028
5134
5124
1913
4106
9312
3460
8382
2320
3709
4992
8981
7771
9032
6696
6744
7525
2916
8149
1763
9096
9466
8889
5750
8904
6703
8343
8511
6615
1950
2609
6297
2877
6074
3701
6500
8457
278
5807
600
9521
5176
9556
5034
3747
5907
1624
1193
2276
7388
2971
3812
4313
4506
7587
3144
6737
8637
6625
6674
3602
8683
9120
3499
4230
1682
2818
5901
5200
1484
6946
7087
8397
8814
9607
2860
6904
6643
2489
6872
7635
5209
9181
2827
4438
8685
4213
7546
6900
3761
1756
7854
407
7132
9295
1155
7683
3213
3441
2342
6669
3143
4290
9426
5891
2082
1796
8617
4193
1059
4602
8666
1395
995
7442
8138
7747
3804
301
2245
2436
6912
2842
2732
6103
4658
7210
1357
8633
8663
6460
9075
6877
6828
9624
5040
2052
5774
1807
1215
5461
9842
182
1192
252
4627
9191
3178
2794
1453
5143
877
2975
6639
7568
5383
9575
8186
6775
3059
163
8980
4019
8066
3285
5038
8851
7036
6296
413
1269
9200
3038
6276
180
4470
9429
2808
1641
4406
966
4968
8128
1305
9719
773
4815
2087
9703
5157
9275
8421
6494
117
421
1983
7234
3008
5629
894
391
3380
5788
5188
1001
6301
4119
5357
7705
1326
3680
1366
5887
8525
2527
3712
2501
9562
5395
9136
1962
6322
6241
7417
8875
9235
5761
4421
4520
9606
5243
9169
2643
9165
9115
8201
355
9002
2962
9333
9732
1863
9590
9860
1261
8447
3947
4123
9797
3214
6054
4970
402
6017
3359
7446
4094
495
2192
7238
2077
1721
9106
2593
5559
5792
3780
635
706
5815
465
1454
5095
7817
1459
8628
1617
526
8029
7612
2941
9474
7081
1267
7757
4640
9327
5851
5103
2621
5275
6201
144
2186
2200
6215
8103
8109
419
5763
1670
2285
684
282
253
925
7257
1489
1038
3138
9886
130
4995
5880
6978
1174
3917
4200
987
4956
5594
6393
8458
3714
3114
5786
1140
4478
1816
9151
3734
2269
3340
3193
8373
9887
3256
7465
2719
8048
3262
4800
9925
5268
8992
7289
3290
2332
2219
6600
1629
1374
4629
5717
2063
6387
5075
7363
7476
7534
5106
5323
8604
4792
8438
9493
2233
6488
8328
6200
7521
4060
9987
8922
2521
1627
9946
2272
5904
6410
388
177
5669
9650
7490
9720
3180
3965
3844
4461
6842
15
4130
8139
7647
847
8006
8970
3863
6702
438
8707
9140
2040
5076
7069
2567
3055
4812
7655
670
4385
4029
2942
9128
725
167
51
8799
7285
5732
611
586
3960
7252
9457
1658
6068
274
9589
1594
1740
9909
3903
140
823
7932
6751
2699
3472
7196
6251
946
8232
8420
1764
8620
4909
6229
6801
9245
1321
5045
1947
3195
9656
7358
900
2448
1280
5416
8250
2249
8011
55
4490
4679
1018
9168
3935
3834
6023
1842
5828
8584
8342
362
4018
4830
8907
1676
8702
683
428
3774
7158
9849
4205
6542
1268
7201
3609
3717
2280
5300
3790
6716
7708
8137
354
3737
2507
4622
4430
4597
1945
5800
4999
5672
8394
4355
6658
1919
1202
374
845
285
9093
2199
6954
8915
8479
9149
2888
8585
8018
1952
4721
4511
1184
8820
6840
3567
168
2244
651
3949
6293
6124
3307
2880
4277
9306
9213
2262
5269
4377
4652
8669
346
3715
8569
4026
185
7169
5190
4854
3221
2851
9808
3435
1034
155
1583
4379
3428
9118
2651
3773
3490
7768
8718
9507
2687
3556
6385
6550
240
3035
4145
9956
2248
7511
1746
2460
3456
4014
9109
2004
4971
1733
6830
6918
6235
9157
1160
5853
3412
9210
1475
6642
9159
3857
4904
3181
2804
1549
7027
5540
1105
8467
2423
6177
7232
537
7740
1895
6267
874
7427
6086
3332
3916
2447
7864
4987
4472
912
141
9371
492
1060
4088
6571
2418
4489
5917
6379
3427
5441
5760
6753
9175
8318
4746
1188
203
4515
3861
6528
6394
128
3545
6067
928
386
2668
131
7591
8059
1819
3618
574
5097
7929
4264
1444
4328
7094
8715
2831
3792
1553
8599
7684
7017
9069
7452
6989
3677
7236
2170
1787
5589
4055
5123
6150
4942
4225
6888
4220
6430
1690
1072
162
9161
564
2369
6163
1630
7116
4958
4690
4009
3235
9852
4851
447
8381
5377
2182
5443
1921
3530
1339
3510
6409
608
6397
2163
3034
3741
4611
2449
6742
3740
4179
9712
1633
9415
8433
9003
5399
7345
7726
9349
19
6490
9139
2890
6367
5986
4837
9410
3215
7886
1195
736
5254
7901
2360
1960
9005
2512
9639
2486
6261
3439
2558
7098
7008
361
549
6381
9434
6529
268
6782
4635
9390
7893
5172
9546
7896
6121
3702
370
343
8555
4525
184
7697
9898
3106
3277
8928
3956
7942
6043
5376
3833
1014
752
4967
22
1325
5005
8967
9407
9266
9588
8095
3974
2111
8398
8515
4433
633
5922
2028
8529
1427
2645
696
6256
2073
5520
796
6688
7849
7421
8996
4625
90
5646
7868
7987
805
9382
4097
6534
8670
5508
7936
5325
6675
2438
5494
9516
850
7974
5411
6039
490
9763
9137
2905
738
4990
1415
6773
7380
9605
6362
7572
1481
2326
8449
1083
315
243
2354
412
1142
4257
2358
7202
4935
6732
6230
9774
5967
3001
8832
9597
330
8503
5118
5668
6733
2374
5255
8776
9322
6604
6019
2009
3425
4545
6590
332
5825
4336
969
4344
2933
6329
2733
4166
9680
6218
2785
5725
5779
43
1831
7204
6181
9095
8190
327
9652
4417
7515
8647
7979
2196
4392
7673
4753
3107
650
8454
3311
4584
6407
1923
9547
4906
8359
1082
7498
9177
4420
8278
8572
6962
2515
4033
2995
1992
1961
3345
5592
5666
4654
6632
1905
5778
3136
7570
6636
5813
7682
3320
523
241
3933
1271
9380
2173
5677
3806
1429
4360
9037
8415
8473
6821
436
8824
9189
9316
6712
8300
4389
8078
4581
8217
1677
2959
7972
992
3020
397
1146
13
246
9164
212
6213
5348
9348
4224
4945
5155
7957
792
2287
4555
4560
4032
8635
1232
5159
5299
8795
4684
5487
5626
1470
4100
4216
230
9965
9247
7286
1966
7765
1669
456
4151
9859
2734
5855
3140
9257
2139
1327
7164
3505
8324
3382
7278
9810
234
7808
6969
8914
3074
3513
8552
2321
3325
4786
6781
9851
4348
595
5509
7613
3201
3270
5418
7182
2597
4696
6522
8240
8750
1371
64
8973
6680
2357
9880
1446
3882
982
767
7803
4960
996
2373
9262
4400
4730
7494
9569
2498
9297
7216
9000
6133
6085
7552
3511
5625
1579
4646
917
4680
747
7377
1125
955
873
4527
1318
4274
5670
9461
3383
4601
7789
6843
3334
112
4639
2185
9620
7185
1075
4855
5352
6621
5565
1725
8263
2783
878
9022
5122
3064
2755
4751
5166
2610
1033
507
6146
3962
229
6871
7045
4037
994
3501
389
4630
7921
7545
5512
7302
6884
3224
830
562
9402
8977
4397
5723
7792
1030
1302
1804
7753
7690
6738
3139
4174
2097
7080
39
676
3227
5599
5356
387
6461
8641
3979
8262
981
5298
7821
5324
4340
3733
295
6411
5291
3016
712
1138
1852
4510
4975
2852
1074
7728
9387
94
129
2681
8358
1351
7668
5261
5224
7349
700
3679
6061
7805
4883
5020
5971
2739
3686
3874
9389
2565
4638
3162
6666
7622
891
3374
8802
4681
2247
9702
4657
3549
6657
4077
2412
4522
8729
6234
9094
1385
4712
8231
3496
2750
3805
3607
9653
7949
5710
5069
5232
4096
4270
8205
3470
4382
1841
2659
5235
7305
3462
2416
1554
2183
2865
4452
4642
33
4185
1498
2266
5259
9419
1451
2329
2684
7807
9197
2531
8818
2158
4468
7814
8384
8650
1616
3331
3739
6465
4683
3919
2065
5643
7644
2735
7880
6298
2013
1929
1272
9873
4373
7781
9370
6537
4839
7914
7095
5000
6486
7653
2976
8780
4929
6022
1942
3300
1533
8251
4304
8790
2769
2983
8489
8469
5536
5021
2479
7865
6048
5489
1750
3593
6344
6120
596
6803
35
6378
4372
8510
7675
467
4196
2993
7103
2059
2134
2792
800
4775
623
5745
3561
1141
6739
4315
1354
4317
9865
625
8623
7307
1774
3828
3683
142
3347
9485
6760
7968
7737
7918
7348
8630
590
1460
8782
1467
3088
1535
9885
20
5428
553
6295
1580
5316
9532
1150
2458
6168
5307
9990
905
8194
6268
7642
3217
8726
6867
5775
9086
2652
1970
9268
567
5649
4358
2093
6392
8281
9755
5526
9811
3498
6837
6929
1820
5507
8625
7264
930
138
9600
4004
2344
8700
5338
9092
8450
7315
1200
4562
482
1069
3414
6275
839
5217
399
7235
1170
247
3399
6091
3944
770
5162
464
5823
1591
720
7245
6916
7878
3296
7969
6093
5713
5571
2704
7900
8819
1375
9397
2980
2826
5696
1600
9499
4006
335
3360
6554
3699
801
6384
604
8230
1786
3908
6122
305
1011
2041
3150
9686
8241
6881
6847
9454
2820
7967
3707
5814
9604
3869
9131
4191
9807
5894
7141
9659
3274
3377
9649
8309
2274
2671
9598
4664
3589
9144
8549
7137
7015
3015
5601
2970
618
713
7888
9091
3254
5720
8223
9943
3504
4829
7376
9593
4447
1717
6974
9412
1381
6383
2153
8015
1248
718
3191
2922
9623
1255
2497
8938
6681
45
4878
8756
7246
978
5960
8000
7856
4841
6518
4125
7756
922
9368
2518
2604
5270
5674
1029
9672
6482
4122
9145
3212
8886
8182
7551
8855
3027
7057
1904
6839
3672
6415
9905
4487
6570
1760
926
1588
2984
5201
2861
1539
7847
7632
6647
3985
6626
3477
3079
613
9740
764
1328
4981
1568
7542
8636
5764
7641
4524
6655
3668
5313
1347
41
2911
8746
5633
5476
8413
2495
9651
6439
8337
3448
1536
2094
8116
6844
784
2595
9904
4337
4926
6709
984
1096
6961
5048
242
634
5057
4143
3573
7760
4071
8061
9868
6184
2502
4112
1503
2677
1196
6981
583
8843
9423
9786
2919
6538
8092
6648
3239
4888
4547
8833
4370
6141
2931
8070
1462
8956
118
6992
1989
5067
9335
8417
8984
5886
394
2051
5695
9674
2226
3536
862
5768
8971
7242
8173
8578
1171
3445
6553
5729
5150
3397
8229
602
3966
9283
9883
4105
6629
6701
2665
2481
28
6531
2850
3288
6932
3948
5944
3803
4659
1783
3868
9747
6514
2829
9959
944
2943
4153
3822
8257
7688
8501
2581
1363
7288
3243
4413
7549
6351
2260
5392
1689
5587
460
6735
6743
6161
7001
9036
1112
4585
5130
42
2538
9362
4027
1086
7608
5634
9469
7013
416
7368
9394
3154
1986
1702
5783
6667
371
1810
5120
8854
157
488
2327
1857
4091
4570
4541
7988
1436
5570
533
9320
9758
6211
9428
5015
9583
2062
8839
5265
4838
4535
9045
1437
9975
7454
2444
3054
1053
7277
2697
6266
2912
587
3987
3945
6713
4223
7993
1707
5485
8246
8323
4819
8327
3402
7906
816
50
3422
3517
4700
7881
988
3381
2177
8452
376
4806
2600
658
3205
9098
8747
491
6791
7479
4794
1773
7614
2143
864
2194
9376
2229
4969
8354
717
671
6279
1709
2763
3451
7574
2318
8152
8459
7727
2641
3781
7561
1993
6933
5453
3876
9921
2948
8796
7754
6654
6593
9071
1620
4820
4047
132
1496
779
3890
3379
9612
6226
4437
5222
8174
7053
6547
758
1934
6059
1144
6307
5249
2251
5935
4861
3030
3643
5170
4579
5002
9494
3775
4636
7028
6427
8269
9033
5561
9288
6592
619
4156
4335
1435
3376
5367
1275
4936
3837
1951
215
2313
3019
6354
1678
2422
8539
5112
4656
5871
7138
7156
5748
9878
9310
2188
1748
6458
5115
9477
6031
2236
3087
782
1413
5386
8711
1245
798
3244
3682
5028
9526
2855
3321
2042
3906
6182
3173
4782
8830
3090
6147
1350
7691
4512
4048
3457
9806
3980
688
6574
2110
1017
7395
9947
7871
7314
709
1684
5263
1571
7992
224
8073
3315
6396
392
2238
3687
7937
3518
6948
9695
1065
8606
271
6977
9196
5665
9324
1431
6772
5979
5191
8445
4561
322
6217
2088
9187
8221
1139
2532
422
9386
8307
9269
4881
4951
3779
2854
3282
4391
308
5082
5371
9826
8110
5425
2204
7276
7782
3628
5210
342
5342
8428
4477
3850
3519
8386
5956
6082
7510
7400
4226
3767
2886
8371
3109
1236
289
6967
8805
469
7562
799
8784
8901
7755
9030
5755
3118
2413
4384
7448
8169
9097
8084
8056
6876
3416
7620
2721
9460
4907
4559
4160
4912
1997
4887
9552
7367
4592
2155
4573
8968
4767
5361
2625
4291
4513
2070
7527
5896
1621
8557
3824
4946
2334
4383
7978
8895
2370
2424
9064
9856
8917
7619
3544
7378
6622
4842
8903
8991
6524
8997
8598
1148
5983
5080
8483
3531
440
1698
172
6952
7857
9066
1320
8387
9866
9446
1403
4718
3647
3018
9374
8844
9567
4575
8902
5578
3066
7595
9614
6827
5343
6606
7155
1055
5278
7316
8140
4069
1762
8047
5198
178
8113
6724
4568
4591
9694
8290
9183
7361
2174
3669
875
5911
7381
705
3304
7819
7946
4442
1768
2693
4394
8829
356
6209
2810
7310
9814
2654
7355
6196
5744
5882
7833
5872
7279
319
4717
2903
1163
7484
1221
7455
7474
3495
6584
6404
1925
7335
2270
4246
4170
1352
4801
1209
8147
4024
1406
4556
2136
231
5274
2867
9537
7617
9417
2956
363
7432
3814
4650
6746
9718
3302
3537
6191
6463
9949
7578
3885
4158
7005
6063
896
3998
7779
7247
4265
4186
8787
5447
7337
4140
1007
7965
8806
7121
9888
7153
6399
6101
3497
6338
7259
210
2164
5248
5244
5169
2381
8192
6498
4655
8846
4976
7488
8304
5501
6282
846
2113
7195
7405
501
6370
1256
409
2726
2020
9365
8372
5234
4665
514
1853
5821
7680
494
1492
8745
5519
8488
9281
113
106
5861
9729
2211
6894
6029
3351
1238
7504
9969
2432
8879
8543
5708
9484
9602
7829
1183
326
9162
8336
9007
6988
5128
4927
516
9055
2672
2464
9941
101
2000
6848
7190
7508
3503
6438
1020
9742
2637
3529
6470
2778
9492
325
6024
4651
7611
4567
5533
6935
8721
8497
4165
7766
8050
3452
7304
358
1099
1288
7663
9790
5362
2940
5990
559
5728
8791
2045
1495
7261
2622
1229
882
4586
5743
5538
7148
9962
4349
6239
5919
1917
3528
9934
5950
9940
9557
76
2662
6662
380
7895
3037
4325
5525
2228
9670
5207
9535
2019
6649
8434
3190
3294
7958
940
8236
1714
2431
1235
5247
2304
5999
4777
5105
8383
9550
8416
1995
7780
4215
1317
6545
3842
4554
4113
950
3368
1401
9735
4419
4739
3241
6673
5618
4845
1946
5653
48
7592
4183
2965
838
7168
317
8522
5452
1668
2982
8119
9551
4523
9876
843
1319
4600
2909
3793
6087
5552
1706
2744
9713
5295
1990
7927
8561
300
8603
3878
8885
6841
1222
2106
3597
7897
1964
7916
98
3674
8847
7800
2832
328
7416
6853
8012
3366
8930
143
5369
4499
2875
3622
4181
691
4292
4155
5671
5767
8366
3616
8723
1445
7174
9481
8526
8340
1732
5131
2384
3946
5287
8475
2107
2809
5765
316
8370
9451